                   201   NumCoords   ! The number of coordinates in the airfoil shape file (including an extra coordinate for airfoil reference).  Set to zero if coordinates not included.
! ......... x-y coordinates are next if NumCoords > 0 .............
! x-y coordinate of airfoil reference
!  x/c        y/c
 0.336855       0
! coordinates of airfoil shape
! interpolation to 200 points
!  x/c        y/c
 1.00000000000000e+00 -1.09001680610084e-02
 9.81356512272033e-01 -7.51946126759126e-03
 9.62472136536677e-01 -4.93024495868334e-03
 9.43432873432652e-01 -3.23400324264199e-03
 9.24343055876374e-01 -2.34981438744808e-03
 9.05277330523383e-01 -2.15604138552561e-03
 8.86295001482544e-01 -3.12627889203590e-03
 8.67460190751793e-01 -4.94620673482816e-03
 8.48799023310340e-01 -7.53578141730512e-03
 8.30333112102262e-01 -1.08241575550005e-02
 8.12077459616194e-01 -1.47089141853836e-02
 7.94048124742273e-01 -1.91357951826978e-02
 7.76247399130603e-01 -2.40208082843746e-02
 7.58687129460301e-01 -2.93345136991890e-02
 7.41363096859038e-01 -3.49994266218931e-02
 7.24268681156201e-01 -4.09457072885400e-02
 7.07392927123786e-01 -4.70998633574059e-02
 6.90727750161038e-01 -5.34054375499366e-02
 6.74284170925068e-01 -5.98160304500503e-02
 6.58040208042674e-01 -6.62692586904791e-02
 6.41977630534809e-01 -7.27162458243368e-02
 6.26087346358749e-01 -7.91159372825769e-02
 6.10357516435256e-01 -8.54227388104072e-02
 5.94782770617848e-01 -9.16055366503830e-02
 5.79360261031851e-01 -9.76422295884171e-02
 5.64086319083042e-01 -1.03506710091804e-01
 5.48946545484255e-01 -1.09144930370844e-01
 5.33947967151996e-01 -1.14556744853518e-01
 5.19084449286024e-01 -1.19709866683650e-01
 5.04362352698814e-01 -1.24604675323886e-01
 4.89782464534311e-01 -1.29223397793909e-01
 4.75351015094712e-01 -1.33569526614905e-01
 4.61069662771468e-01 -1.37626920284551e-01
 4.46945341728200e-01 -1.41399406949087e-01
 4.32979528649580e-01 -1.44871566197902e-01
 4.19179324346768e-01 -1.48054472475428e-01
 4.05543990634291e-01 -1.50915242585864e-01
 3.92085997398024e-01 -1.53477841190117e-01
 3.78808823555328e-01 -1.56295922107933e-01
 3.65720505996714e-01 -1.58958958854845e-01
 3.52825224278840e-01 -1.61028909220789e-01
 3.40130750986131e-01 -1.62528622106757e-01
 3.27641403733566e-01 -1.63450034148060e-01
 3.15362716967849e-01 -1.63826078876339e-01
 3.03298524663751e-01 -1.63687184215213e-01
 2.91454948563944e-01 -1.63969349623102e-01
 2.79834023596087e-01 -1.64006018017608e-01
 2.68441796880048e-01 -1.63810956903877e-01
 2.57279460466614e-01 -1.63374177412810e-01
 2.46351401699288e-01 -1.62721609134024e-01
 2.35659014914808e-01 -1.61850505386412e-01
 2.25206642544413e-01 -1.60766263681788e-01
 2.14996046079843e-01 -1.59491808256929e-01
 2.05028940783803e-01 -1.58019961514964e-01
 1.95308843756497e-01 -1.56363620510642e-01
 1.85836998156064e-01 -1.54528509206416e-01
 1.76612735809003e-01 -1.52532728503157e-01
 1.67639917152804e-01 -1.50369979985203e-01
 1.58913018966998e-01 -1.48061182097657e-01
 1.50434139507937e-01 -1.45613946791691e-01
 1.42208643350244e-01 -1.43017823523243e-01
 1.34228958216092e-01 -1.40291956013351e-01
 1.26496667472599e-01 -1.37443718301260e-01
 1.19014160117648e-01 -1.34473365574253e-01
 1.11779502305756e-01 -1.31393242951258e-01
 1.04790579743994e-01 -1.28215660821897e-01
 9.80493013617329e-02 -1.24933597429644e-01
 9.15518595854188e-02 -1.21562705430916e-01
 8.53011497866695e-02 -1.18101412026304e-01
 7.92943810464856e-02 -1.14556942809451e-01
 7.35278180110025e-02 -1.10934429148062e-01
 6.80006637901692e-02 -1.07240435305210e-01
 6.27109083047066e-02 -1.03481737449849e-01
 5.76564998963177e-02 -9.96627710884113e-02
 5.28365727964039e-02 -9.57912835477199e-02
 4.82461492241220e-02 -9.18808376084394e-02
 4.38849503223937e-02 -8.79352985664325e-02
 3.97506108346986e-02 -8.39563689202949e-02
 3.58470980357289e-02 -7.99492680464648e-02
 3.21711704951900e-02 -7.59208506745363e-02
 2.87180523545459e-02 -7.18761828765478e-02
 2.54916048354339e-02 -6.78173044714979e-02
 2.24879916180974e-02 -6.37529875937536e-02
 1.96968377529758e-02 -5.96885274051432e-02
 1.71072123888580e-02 -5.56411345193012e-02
 1.47095309243432e-02 -5.16156040289039e-02
 1.24936721108464e-02 -4.76184387707823e-02
 1.04779807127487e-02 -4.36511030916065e-02
 8.64363060450852e-03 -3.97152306990085e-02
 7.03402930781211e-03 -3.58103412813503e-02
 5.61628381879851e-03 -3.19388853302983e-02
 4.40432381372930e-03 -2.81174800212545e-02
 3.36465922509861e-03 -2.43471675119017e-02
 2.52173112560142e-03 -2.06410803489029e-02
 1.82117866288478e-03 -1.70002845557871e-02
 1.21795976219048e-03 -1.34441285246637e-02
 6.85653865520265e-04 -9.96954404371113e-03
 3.51233649544233e-04 -6.57429412158148e-03
 1.12985551145323e-04 -3.25407452238490e-03
 0.00000000000000e+00  0.00000000000000e+00
 1.05819918731649e-04  3.23810978182156e-03
 3.57701061540889e-04  6.55537108645612e-03
 6.91779969290105e-04  9.94586227562419e-03
 1.20891254379489e-03  1.34135458732253e-02
 1.79481432857680e-03  1.69630474766395e-02
 2.45706840066813e-03  2.05975230474756e-02
 3.22558056129214e-03  2.43081939055300e-02
 4.12517908698534e-03  2.80975653922048e-02
 5.18313749852941e-03  3.19450937696698e-02
 6.45203391099651e-03  3.58457652751213e-02
 7.91852780114621e-03  3.97826969751905e-02
 9.61870074073003e-03  4.37502796333170e-02
 1.14989414541721e-02  4.77530349509671e-02
 1.35723612587878e-02  5.17904237692491e-02
 1.58164183477841e-02  5.58632615699796e-02
 1.82466086981688e-02  5.99653123075566e-02
 2.08730063383730e-02  6.40893389735873e-02
 2.36964517649540e-02  6.82270615321544e-02
 2.67274531377965e-02  7.23725714388608e-02
 2.99759857409728e-02  7.65139281884276e-02
 3.34464009377281e-02  8.06442644855683e-02
 3.71415852109658e-02  8.47595325214583e-02
 4.10604331164236e-02  8.88582726121534e-02
 4.52138026133087e-02  9.29204272965585e-02
 4.96019226349080e-02  9.69455404930760e-02
 5.42252210836060e-02  1.00929375553476e-01
 5.90863450855778e-02  1.04856243662135e-01
 6.41825866892032e-02  1.08722410277399e-01
 6.95199509785764e-02  1.12517946469190e-01
 7.50989543385977e-02  1.16234188867327e-01
 8.09210979798243e-02  1.19863845066956e-01
 8.69863073512350e-02  1.23403246533536e-01
 9.32994379564775e-02  1.26841980142989e-01
 9.98590101330171e-02  1.30173996367217e-01
 1.06668370974654e-01  1.33383027144714e-01
 1.13726717920794e-01  1.36465496645735e-01
 1.21030732621143e-01  1.39427165499041e-01
 1.28580932335012e-01  1.42253178727366e-01
 1.36375890190412e-01  1.44940111952336e-01
 1.44415126884948e-01  1.47481511814579e-01
 1.52703370630233e-01  1.49852278691412e-01
 1.61236113254082e-01  1.52063172728597e-01
 1.70011820306401e-01  1.54108886706076e-01
 1.79028958750307e-01  1.55979584140031e-01
 1.88288443540469e-01  1.57665535221809e-01
 1.97786941753307e-01  1.59176543136735e-01
 2.07522853716453e-01  1.60497882903257e-01
 2.17491736378845e-01  1.61649032057858e-01
 2.27694149385275e-01  1.62611149117674e-01
 2.38128156395744e-01  1.63397194351920e-01
 2.48790885061525e-01  1.63982653384962e-01
 2.59680866077433e-01  1.64396960983150e-01
 2.70796543774559e-01  1.64612940414519e-01
 2.82135091008591e-01  1.64639039679662e-01
 2.93697279780956e-01  1.64981444606066e-01
 3.05480112380957e-01  1.65219518754198e-01
 3.17480901840751e-01  1.65070809658568e-01
 3.29698864726091e-01  1.64550805543750e-01
 3.42131364565044e-01  1.63668204264674e-01
 3.54775272919862e-01  1.62434741238029e-01
 3.67628722639979e-01  1.60877771222224e-01
 3.80688856792427e-01  1.59016410110988e-01
 3.93954689147691e-01  1.56875322817110e-01
 4.07422292816580e-01  1.54466811431155e-01
 4.21091009566084e-01  1.51820954304279e-01
 4.34957584814708e-01  1.49575418373039e-01
 4.49018570329722e-01  1.47182753916187e-01
 4.63274113528769e-01  1.44631943646424e-01
 4.77721710676681e-01  1.41928832524872e-01
 4.92360202431869e-01  1.39082856874982e-01
 5.07185182077339e-01  1.36090379264816e-01
 5.22193757926493e-01  1.32954793490453e-01
 5.37384675630326e-01  1.29688960960291e-01
 5.52754035883280e-01  1.26293554951140e-01
 5.68298446013895e-01  1.22773204656019e-01
 5.84012862563268e-01  1.19125766561241e-01
 5.99897745675783e-01  1.15374681320258e-01
 6.15943927161344e-01  1.11502125055516e-01
 6.32151666229422e-01  1.07531889417605e-01
 6.48515718154616e-01  1.03464448432554e-01
 6.65030044067049e-01  9.93000596588610e-02
 6.81706569743869e-01  9.50516298756938e-02
 6.98531321216685e-01  9.07233659891609e-02
 7.15488596505634e-01  8.63110663205149e-02
 7.32575782333388e-01  8.18352666612195e-02
 7.49786867104988e-01  7.72997781766335e-02
 7.67115767091350e-01  7.27131484102145e-02
 7.84556907509212e-01  6.80845735513741e-02
 8.02103084805716e-01  6.34175003152270e-02
 8.19746514275587e-01  5.87163708411522e-02
 8.37480881594397e-01  5.39906534726980e-02
 8.55302331568937e-01  4.92598755417858e-02
 8.73204519293523e-01  4.45353357918700e-02
 8.91175457766283e-01  3.98087139488054e-02
 9.09212555432902e-01  3.51059433947177e-02
 9.27310274827217e-01  3.04434599097574e-02
 9.45459714445373e-01  2.58266033297126e-02
 9.63639868004443e-01  2.11965769781973e-02
 9.81824095020229e-01  1.65618773144273e-02
 1.00000000000000e+00  1.19246294961231e-02
