                   201   NumCoords   ! The number of coordinates in the airfoil shape file (including an extra coordinate for airfoil reference).  Set to zero if coordinates not included.
! ......... x-y coordinates are next if NumCoords > 0 .............
! x-y coordinate of airfoil reference
!  x/c        y/c
 0.365250       0
! coordinates of airfoil shape
! interpolation to 200 points
!  x/c        y/c
 1.00000000000000e+00 -6.20975490025177e-04
 9.73973023340537e-01 -1.94399013858082e-03
 9.47936682539491e-01 -3.44593259275227e-03
 9.22018713629008e-01 -5.15458417155464e-03
 8.96227213301433e-01 -6.47428653270963e-03
 8.70691706308234e-01 -9.49439919398604e-03
 8.45512543276580e-01 -1.41127817016691e-02
 8.20690126922854e-01 -2.00720619975837e-02
 7.96280949630256e-01 -2.70388976422631e-02
 7.72326859777833e-01 -3.48231562146577e-02
 7.48844235718373e-01 -4.32770308282625e-02
 7.25834680608679e-01 -5.22725572830909e-02
 7.03263360885318e-01 -6.16033379366485e-02
 6.81099383557346e-01 -7.11079974473820e-02
 6.59299380958321e-01 -8.06320177320613e-02
 6.37830806011438e-01 -9.00456692094936e-02
 6.16665382641563e-01 -9.92453495544087e-02
 5.95781867074997e-01 -1.08142653062205e-01
 5.75095243102672e-01 -1.16667404514975e-01
 5.54637321777540e-01 -1.24781259678900e-01
 5.34433906429737e-01 -1.32427556216546e-01
 5.14492201166498e-01 -1.39576509649109e-01
 4.94828589792091e-01 -1.46219627026846e-01
 4.75445972516095e-01 -1.52323463013362e-01
 4.56363579932968e-01 -1.57884783780380e-01
 4.37585083105202e-01 -1.62866295035447e-01
 4.19122124566702e-01 -1.67237686055582e-01
 4.00993584333496e-01 -1.71004850429678e-01
 3.83220328911350e-01 -1.74189911545644e-01
 3.65821069000318e-01 -1.76810953181940e-01
 3.48813837318330e-01 -1.78905494059903e-01
 3.32212605398331e-01 -1.80473502481414e-01
 3.16030646770415e-01 -1.81549228473407e-01
 3.00279241515122e-01 -1.82158837163712e-01
 2.84969274932452e-01 -1.82305130239751e-01
 2.70108297198052e-01 -1.82052100275326e-01
 2.55703924930235e-01 -1.81361681679428e-01
 2.41758504059780e-01 -1.80282138587846e-01
 2.28279040855563e-01 -1.78834995030901e-01
 2.15266766255429e-01 -1.77037485288647e-01
 2.02720568174113e-01 -1.74908580892451e-01
 1.90642182464882e-01 -1.72458347653017e-01
 1.79025477981727e-01 -1.69681991411742e-01
 1.67871008354342e-01 -1.66549578753751e-01
 1.57170027227575e-01 -1.62975339575727e-01
 1.46925353406651e-01 -1.59995961809011e-01
 1.37131774116018e-01 -1.56841267623846e-01
 1.27776664813041e-01 -1.53524434735316e-01
 1.18864038400191e-01 -1.50057343554063e-01
 1.10376223131165e-01 -1.46464253348345e-01
 1.02310703106485e-01 -1.42761305568825e-01
 9.46612619064452e-02 -1.38953487384411e-01
 8.74175925312850e-02 -1.35053492853427e-01
 8.05803948610914e-02 -1.31069209106649e-01
 7.41335991770091e-02 -1.27013738596589e-01
 6.80680886998354e-02 -1.22901715855741e-01
 6.23776172112927e-02 -1.18743744091433e-01
 5.70467104425935e-02 -1.14555267121291e-01
 5.20726407249200e-02 -1.10353598309526e-01
 4.74313473624546e-02 -1.06153381453174e-01
 4.31039536967006e-02 -1.01967553552984e-01
 3.90877618365592e-02 -9.78128279621575e-02
 3.53653994719941e-02 -9.36958257572447e-02
 3.19257679553458e-02 -8.96221326758406e-02
 2.87565845595095e-02 -8.55984000449075e-02
 2.58426320534228e-02 -8.16317374583237e-02
 2.31797906926225e-02 -7.77297081196076e-02
 2.07499943368805e-02 -7.38991943688031e-02
 1.85385051543046e-02 -7.01458797544713e-02
 1.65223760490254e-02 -6.64826199886466e-02
 1.46798816746823e-02 -6.29213705257708e-02
 1.29989624462338e-02 -5.94626182748093e-02
 1.14689187511780e-02 -5.61065389019814e-02
 1.00764320623772e-02 -5.28563454966762e-02
 8.80879841874840e-03 -4.97128841580318e-02
 7.67571469526291e-03 -4.66679623640316e-02
 6.68043125137467e-03 -4.37151071210922e-02
 5.79823371285441e-03 -4.08625003145372e-02
 5.02434202631504e-03 -3.81071516499643e-02
 4.35149165311847e-03 -3.54460442450896e-02
 3.78724695520820e-03 -3.28797721926777e-02
 3.31211591435800e-03 -3.04062917201144e-02
 2.90011457583389e-03 -2.80303603027123e-02
 2.53890745712005e-03 -2.57488651667012e-02
 2.20972368081737e-03 -2.35613478493169e-02
 1.89952851985799e-03 -2.14670791234244e-02
 1.61440787738922e-03 -1.94608606497281e-02
 1.36201211487845e-03 -1.75380932506681e-02
 1.13639488053856e-03 -1.56952528913060e-02
 9.40888192714248e-04 -1.39293763828329e-02
 7.74381672724846e-04 -1.22373189041221e-02
 6.34857201924185e-04 -1.06164009866273e-02
 5.24729034748739e-04 -9.06413046959449e-03
 4.33608724482114e-04 -7.57757108465911e-03
 3.48552206357124e-04 -6.15479424651846e-03
 2.69893992503935e-04 -4.79387516510859e-03
 2.00387915712852e-04 -3.49222377161577e-03
 1.35234541968870e-04 -2.24722262398821e-03
 7.05988957175810e-05 -1.05696113027042e-03
 0.00000000000000e+00  0.00000000000000e+00
 6.97172185003810e-05  1.11451097038484e-03
 1.42623310804388e-04  2.30388368933025e-03
 2.22358834405166e-04  3.55051899683193e-03
 3.11382648472482e-04  4.85403509403797e-03
 4.06445311103319e-04  6.21657934123755e-03
 5.06645711545833e-04  7.64028128771688e-03
 6.20309756964314e-04  9.12696372313341e-03
 7.52382527516978e-04  1.06792778737725e-02
 9.07482162339113e-04  1.22991082084212e-02
 1.09426189373680e-03  1.39884105137474e-02
 1.31181210182630e-03  1.57506136633995e-02
 1.55183437392873e-03  1.75888797535004e-02
 1.82353355572314e-03  1.95057800642484e-02
 2.11152244331419e-03  2.15069304477365e-02
 2.39744108909475e-03  2.35921620638480e-02
 2.68872229845507e-03  2.57648708108793e-02
 3.00313340941519e-03  2.80306324178777e-02
 3.35253408413681e-03  3.03928534083364e-02
 3.74399525772658e-03  3.28543368143283e-02
 4.21098236907256e-03  3.54107546417469e-02
 4.77747637994128e-03  3.80648649130862e-02
 5.42776304919744e-03  4.08170174092424e-02
 6.18116887901340e-03  4.36691753332793e-02
 7.05549650218698e-03  4.66155499004687e-02
 8.07121572062382e-03  4.96562663911339e-02
 9.23309032118645e-03  5.27884299647559e-02
 1.05006380447224e-02  5.60331770803388e-02
 1.18887912595158e-02  5.93890574003449e-02
 1.34240860012944e-02  6.28502482876248e-02
 1.50983300945453e-02  6.64237541909792e-02
 1.69263244799473e-02  7.01074832994492e-02
 1.89255669782819e-02  7.38958884518189e-02
 2.11172612677316e-02  7.77798064760766e-02
 2.35187003238885e-02  8.17540319790867e-02
 2.61394996998778e-02  8.58164649782631e-02
 2.89919758833019e-02  8.99605307619296e-02
 3.20866640171270e-02  9.41787787679012e-02
 3.54477474296232e-02  9.84626779619856e-02
 3.90898433980588e-02  1.02803760344600e-01
 4.30211884256549e-02  1.07195888071678e-01
 4.72630632947767e-02  1.11620615207725e-01
 5.18307187673170e-02  1.16062500630629e-01
 5.67353291406427e-02  1.20511336990433e-01
 6.19988383963948e-02  1.24948951331674e-01
 6.76390566162654e-02  1.29349336321549e-01
 7.36618548985851e-02  1.33697947313400e-01
 8.00793364668448e-02  1.37981516937498e-01
 8.68986933730210e-02  1.42189328247502e-01
 9.41402549093669e-02  1.46286038884458e-01
 1.01812710782823e-01  1.50251033563850e-01
 1.09921252494272e-01  1.54072996120577e-01
 1.18466118956828e-01  1.57740794552635e-01
 1.27454429003603e-01  1.61231983697230e-01
 1.36894069312515e-01  1.64528395943067e-01
 1.46787350205762e-01  1.68158889284996e-01
 1.57140409988730e-01  1.71549423496942e-01
 1.67954117387319e-01  1.74524128274913e-01
 1.79225795679234e-01  1.77141689194085e-01
 1.90955506547954e-01  1.79413961260022e-01
 2.03143138290978e-01  1.81339883177701e-01
 2.15786100786669e-01  1.82918476244151e-01
 2.28880600475715e-01  1.84158772964960e-01
 2.42421657328363e-01  1.85053837379897e-01
 2.56405660392881e-01  1.85593000800136e-01
 2.70829768726880e-01  1.85809778460405e-01
 2.85689287919515e-01  1.85661557666953e-01
 3.00981699785300e-01  1.85151037267212e-01
 3.16700894229516e-01  1.84289948334268e-01
 3.32842917787225e-01  1.83056501500233e-01
 3.49402740097949e-01  1.81460746598920e-01
 3.66376722834266e-01  1.79516877162289e-01
 3.83757108672245e-01  1.77209820967804e-01
 4.01539477865375e-01  1.74546113651874e-01
 4.19717708542486e-01  1.71532428013207e-01
 4.38286112240050e-01  1.68178791943323e-01
 4.57237553989871e-01  1.64491916585309e-01
 4.76566272643375e-01  1.60481439294773e-01
 4.96263928834352e-01  1.56158156830923e-01
 5.16325076750970e-01  1.51541354729789e-01
 5.36739373155513e-01  1.46639291922162e-01
 5.57502485237120e-01  1.41480534176137e-01
 5.78541491166434e-01  1.36070961592684e-01
 5.99881545441781e-01  1.30425344471945e-01
 6.21545803477421e-01  1.24567263915896e-01
 6.43521424464178e-01  1.18494921021514e-01
 6.65801126189641e-01  1.12250543142358e-01
 6.88367432674983e-01  1.05826551109576e-01
 7.11205714920485e-01  9.92388516050646e-02
 7.34300383998161e-01  9.25063725620171e-02
 7.57636645901396e-01  8.56443421307470e-02
 7.81195737256438e-01  7.86640881737319e-02
 8.04960100408451e-01  7.15837814963298e-02
 8.28911770594151e-01  6.44226302216489e-02
 8.53031674282061e-01  5.71939995802849e-02
 8.77302815541971e-01  4.99298501342377e-02
 9.01700987739011e-01  4.26376321363316e-02
 9.26215840960261e-01  3.53667736803165e-02
 9.50808412915918e-01  2.79978165066441e-02
 9.75416549295769e-01  2.05727217646059e-02
 1.00000000000000e+00  1.30894300867742e-02
