                   201   NumCoords   ! The number of coordinates in the airfoil shape file (including an extra coordinate for airfoil reference).  Set to zero if coordinates not included.
! ......... x-y coordinates are next if NumCoords > 0 .............
! x-y coordinate of airfoil reference
!  x/c        y/c
 0.211248       0
! coordinates of airfoil shape
! interpolation to 200 points
!  x/c        y/c
 1.00000000000000e+00 -3.95267652529543e-04
 9.76009986124484e-01  2.08570281023859e-03
 9.52014724433405e-01  3.99031643037446e-03
 9.28043995077476e-01  5.29324098549791e-03
 9.04109559305281e-01  6.03548568747168e-03
 8.80261677060323e-01  5.94478402430630e-03
 8.56552048326884e-01  5.06902092536662e-03
 8.33027005658150e-01  3.47396876682601e-03
 8.09724812728158e-01  1.21984569419722e-03
 7.86684409259434e-01 -1.65366285010821e-03
 7.63939152284379e-01 -5.10885602857696e-03
 7.41505998414012e-01 -9.02719939243640e-03
 7.19408532767003e-01 -1.33653535500448e-02
 6.97662620650399e-01 -1.80614148201683e-02
 6.76281271993826e-01 -2.30595202486638e-02
 6.55269142011198e-01 -2.82841616126646e-02
 6.34625678640681e-01 -3.36542176143185e-02
 6.14348394816636e-01 -3.90959330929752e-02
 5.94433210002276e-01 -4.45393421814224e-02
 5.74871169355676e-01 -4.99049596989223e-02
 5.55651317085247e-01 -5.51106194453497e-02
 5.36773060435325e-01 -6.01148604708364e-02
 5.18235907609219e-01 -6.48794006861916e-02
 5.00039125921917e-01 -6.93643719025098e-02
 4.82172353507453e-01 -7.34864960296309e-02
 4.64634071533437e-01 -7.71947002380327e-02
 4.47433404899996e-01 -8.04781198576561e-02
 4.30578725633192e-01 -8.33255412445385e-02
 4.14082671313922e-01 -8.57508484678070e-02
 3.97956411612432e-01 -8.77700172513620e-02
 3.82212128318241e-01 -8.94192179542625e-02
 3.66857637782991e-01 -9.07177443786108e-02
 3.51898400509698e-01 -9.16666705413779e-02
 3.37341499002112e-01 -9.23174927500672e-02
 3.23189806226294e-01 -9.26774624626914e-02
 3.09445733171180e-01 -9.27034077487045e-02
 2.96109884056568e-01 -9.25876377814553e-02
 2.83181710815441e-01 -9.22066114922523e-02
 2.70659235218684e-01 -9.16210296751416e-02
 2.58538698613045e-01 -9.08664513508404e-02
 2.46815437838904e-01 -8.99628635443967e-02
 2.35486099070714e-01 -8.89078820549639e-02
 2.24543916196756e-01 -8.77287144224355e-02
 2.13981826546806e-01 -8.64437874776553e-02
 2.03793416104062e-01 -8.50615198915693e-02
 1.93972443579320e-01 -8.35851471016871e-02
 1.84511682751980e-01 -8.20229922928826e-02
 1.75401983630533e-01 -8.03951923282930e-02
 1.66633768368884e-01 -7.87174115818701e-02
 1.58200517357021e-01 -7.69883165781174e-02
 1.50093252810224e-01 -7.52157857757126e-02
 1.42300480778926e-01 -7.34202874127341e-02
 1.34813341875235e-01 -7.16081288857607e-02
 1.27625461950363e-01 -6.97754120487292e-02
 1.20726638158477e-01 -6.79318314560653e-02
 1.14107706280581e-01 -6.60837089680421e-02
 1.07762169611651e-01 -6.42268995887701e-02
 1.01680096141768e-01 -6.23711238837064e-02
 9.58525588785920e-02 -6.05208338895907e-02
 9.02710403445557e-02 -5.86792562382646e-02
 8.49272570375012e-02 -5.68489096530517e-02
 7.98139002280948e-02 -5.50344056325859e-02
 7.49224879435555e-02 -5.32378139517906e-02
 7.02449001396771e-02 -5.14592747513003e-02
 6.57732530041204e-02 -4.97009761050204e-02
 6.14995607165080e-02 -4.79662370189455e-02
 5.74177689732359e-02 -4.62532453777851e-02
 5.35219145155913e-02 -4.45603706735899e-02
 4.98066324840260e-02 -4.28852289333880e-02
 4.62652131653351e-02 -4.12299975929558e-02
 4.28905816707487e-02 -3.95967534363306e-02
 3.96761869867048e-02 -3.79865917294619e-02
 3.66177123697905e-02 -3.63970216190659e-02
 3.37088671971390e-02 -3.48300914220011e-02
 3.09440493537560e-02 -3.32857800027410e-02
 2.83182925411902e-02 -3.17635835071856e-02
 2.58298318351141e-02 -3.02585206055672e-02
 2.34688221825298e-02 -2.87787433573767e-02
 2.12323708360264e-02 -2.73216265523532e-02
 1.91207292291219e-02 -2.58797586310160e-02
 1.71327048212696e-02 -2.44502838971885e-02
 1.52509866201297e-02 -2.30509612881824e-02
 1.34765683068213e-02 -2.16756183129212e-02
 1.18184409374201e-02 -2.03072385857138e-02
 1.02867273654293e-02 -1.89322023395544e-02
 8.85487558951597e-03 -1.75785018828723e-02
 7.48777091011852e-03 -1.62768107780830e-02
 6.20876511534065e-03 -1.50030787723701e-02
 5.07555752198714e-03 -1.36985487531325e-02
 4.10251302019665e-03 -1.23586454325102e-02
 3.26797374787978e-03 -1.10101557791465e-02
 2.59530715518753e-03 -9.65119193781206e-03
 2.07369138195341e-03 -8.29853393269566e-03
 1.68739116382084e-03 -6.96282722316519e-03
 1.35351041032690e-03 -5.67432457463140e-03
 1.05394728319762e-03 -4.43784416723898e-03
 7.73039857655683e-04 -3.25343781855103e-03
 5.07145732552957e-04 -2.11971636444248e-03
 2.50812502956330e-04 -1.03563325913379e-03
 0.00000000000000e+00  0.00000000000000e+00
 2.40496523912417e-04  1.03804545190145e-03
 4.69485736311859e-04  2.12757465274388e-03
 6.96675006939354e-04  3.26858135786196e-03
 9.27186226073036e-04  4.46219444295748e-03
 1.16702857771122e-03  5.70973431906600e-03
 1.42891869598616e-03  7.01027247815665e-03
 1.73398119599105e-03  8.36461835129969e-03
 2.10098554473432e-03  9.76509755038607e-03
 2.60220565140999e-03  1.11886456317093e-02
 3.22429727686740e-03  1.26422060564729e-02
 3.94149463268310e-03  1.41284269598125e-02
 4.78186397675926e-03  1.56308071194410e-02
 5.74120386573438e-03  1.71509220279753e-02
 6.79427824170776e-03  1.87062299232379e-02
 7.89611951765149e-03  2.03288707307942e-02
 9.10043792611672e-03  2.19845501750486e-02
 1.04170695968552e-02  2.36681363375846e-02
 1.18493983484861e-02  2.53800172868765e-02
 1.33857888139261e-02  2.71315827471658e-02
 1.50286922900328e-02  2.89240151919701e-02
 1.67894823529226e-02  3.07510582840097e-02
 1.86788731556163e-02  3.26070809061811e-02
 2.06916685937245e-02  3.45005823279037e-02
 2.28350110741564e-02  3.64284299558166e-02
 2.51157012395493e-02  3.83889379421631e-02
 2.75397847822243e-02  4.03807096788031e-02
 3.01046489224859e-02  4.24125250040468e-02
 3.28198900659158e-02  4.44788998512476e-02
 3.56925165392879e-02  4.65782207954814e-02
 3.87261095051007e-02  4.87128057210200e-02
 4.19285227837270e-02  5.08786127770544e-02
 4.53061504093328e-02  5.30750867711021e-02
 4.88659363427316e-02  5.53007511240393e-02
 5.26157656435747e-02  5.75524452626341e-02
 5.65578915287647e-02  5.98360873249390e-02
 6.07004962076445e-02  6.21487183855228e-02
 6.50519241379881e-02  6.44872409268708e-02
 6.96201488301765e-02  6.68489300065110e-02
 7.44133872794567e-02  6.92296939308398e-02
 7.94398637751879e-02  7.16263880556771e-02
 8.47078240311765e-02  7.40360599217010e-02
 9.02255629964647e-02  7.64555410174344e-02
 9.60028889732175e-02  7.88769559460414e-02
 1.02044493168952e-01  8.13053305099631e-02
 1.08358021871863e-01  8.37396716025949e-02
 1.14954059986132e-01  8.61703530768980e-02
 1.21846034053472e-01  8.85798774806432e-02
 1.29039551038394e-01  9.09702504547733e-02
 1.36548260496916e-01  9.33179248912154e-02
 1.44375325364720e-01  9.56354427165617e-02
 1.52524571520495e-01  9.79349098392033e-02
 1.61008079632008e-01  1.00196598691238e-01
 1.69856060262545e-01  1.02323924321412e-01
 1.79041234003108e-01  1.04451260305959e-01
 1.88591150080829e-01  1.06483078508513e-01
 1.98515475042727e-01  1.08397026170288e-01
 2.08818988041947e-01  1.10190781413998e-01
 2.19504059233243e-01  1.11878740980710e-01
 2.30574143053480e-01  1.13464198879846e-01
 2.42047732355756e-01  1.14844480240598e-01
 2.53926451261957e-01  1.16007893360652e-01
 2.66210014728629e-01  1.16969121673988e-01
 2.78900070259273e-01  1.17725446537674e-01
 2.91997550710407e-01  1.18313837322697e-01
 3.05505518013935e-01  1.18563292274168e-01
 3.19424117001347e-01  1.18572392910969e-01
 3.33749625324917e-01  1.18329899898512e-01
 3.48480306421134e-01  1.17730822361721e-01
 3.63616425028159e-01  1.16915827131471e-01
 3.79153023508861e-01  1.15804702847493e-01
 3.95087144380703e-01  1.14406664650827e-01
 4.11416166549636e-01  1.12731394065707e-01
 4.28145293352026e-01  1.10862413545905e-01
 4.45253312031840e-01  1.08649039640620e-01
 4.62753155650678e-01  1.06237365345555e-01
 4.80623193947107e-01  1.03512567427299e-01
 4.98870858627745e-01  1.00570154884091e-01
 5.17498990938495e-01  9.74685247535348e-02
 5.36480106518943e-01  9.40905449022190e-02
 5.55817199961102e-01  9.05068118798881e-02
 5.75502345693104e-01  8.67280617643960e-02
 5.95522173222112e-01  8.27415605219317e-02
 6.15866943560239e-01  7.85599466875506e-02
 6.36524307749757e-01  7.41865489892790e-02
 6.57495520613849e-01  6.96952091138355e-02
 6.78766804761000e-01  6.50902126460036e-02
 7.00322475153766e-01  6.03730815174094e-02
 7.22160262907242e-01  5.56116071614738e-02
 7.44255582277956e-01  5.07751265928109e-02
 7.66605999019054e-01  4.59401763093089e-02
 7.89193447090009e-01  4.11160139972663e-02
 8.12002058132421e-01  3.63269039761494e-02
 8.35015734793014e-01  3.16007215206015e-02
 8.58208613991737e-01  2.69217492898518e-02
 8.81561287464335e-01  2.23096568758708e-02
 9.05054997810822e-01  1.77907513208056e-02
 9.28668016243995e-01  1.33802665224721e-02
 9.52379562784953e-01  9.12766285184298e-03
 9.76164690064103e-01  4.97661924825804e-03
 1.00000000000000e+00  9.69770085912158e-04
