                   201   NumCoords   ! The number of coordinates in the airfoil shape file (including an extra coordinate for airfoil reference).  Set to zero if coordinates not included.
! ......... x-y coordinates are next if NumCoords > 0 .............
! x-y coordinate of airfoil reference
!  x/c        y/c
 0.305257       0
! coordinates of airfoil shape
! interpolation to 200 points
!  x/c        y/c
 1.00000000000000e+00 -9.58982271020956e-03
 9.75543920420235e-01 -4.71025546582730e-03
 9.50868545738887e-01 -1.34057254239273e-03
 9.26093423869235e-01 -2.11200824389813e-05
 9.01342457087566e-01  4.98307982463233e-05
 8.76726230788992e-01 -1.09480109031741e-03
 8.52334028795624e-01 -3.65394406175832e-03
 8.28230950286962e-01 -7.31201299151263e-03
 8.04471210265408e-01 -1.19416269472363e-02
 7.81101564510475e-01 -1.74675944338897e-02
 7.58162859120175e-01 -2.38072623327161e-02
 7.35645585617014e-01 -3.07458741015485e-02
 7.13547595560809e-01 -3.81546387295802e-02
 6.91864250755535e-01 -4.59215906457456e-02
 6.70574601456337e-01 -5.39122409075587e-02
 6.49650530797360e-01 -6.19932252573946e-02
 6.29068660787356e-01 -7.00561616292112e-02
 6.08807251313716e-01 -7.80040173052353e-02
 5.88842730152202e-01 -8.57382423489958e-02
 5.69161881749267e-01 -9.31872217660221e-02
 5.49757160149119e-01 -1.00292995061152e-01
 5.30620378059598e-01 -1.06993558288945e-01
 5.11756520256325e-01 -1.13261204041473e-01
 4.93170768859993e-01 -1.19067763168525e-01
 4.74869953006143e-01 -1.24388290092617e-01
 4.56864711279638e-01 -1.29210016717076e-01
 4.39169045690942e-01 -1.33534753962316e-01
 4.21797913024403e-01 -1.37370465774093e-01
 4.04763076869510e-01 -1.40716540505918e-01
 3.88077449676252e-01 -1.43581310172654e-01
 3.71755463063721e-01 -1.45988433581955e-01
 3.55806721022720e-01 -1.47940671292940e-01
 3.40242758219119e-01 -1.49463045658512e-01
 3.25072212214326e-01 -1.50569833461984e-01
 3.10303485476709e-01 -1.51286199482776e-01
 2.95942281404125e-01 -1.51638559920441e-01
 2.81993458297240e-01 -1.51641572431597e-01
 2.68461615057866e-01 -1.51282625674665e-01
 2.55348183738839e-01 -1.50959984956705e-01
 2.42655530121930e-01 -1.50393831571457e-01
 2.30384079955964e-01 -1.49382494465130e-01
 2.18532612984239e-01 -1.47993292589337e-01
 2.07099755346664e-01 -1.46271185302558e-01
 1.96083201388111e-01 -1.44260144992421e-01
 1.85478615720811e-01 -1.42001650825304e-01
 1.75283075314499e-01 -1.39371707642331e-01
 1.65491802797989e-01 -1.36509468449688e-01
 1.56096557896356e-01 -1.33567151411701e-01
 1.47089790893417e-01 -1.30767630208202e-01
 1.38465777093673e-01 -1.27848268148271e-01
 1.30215898871146e-01 -1.24825042412995e-01
 1.22328903769363e-01 -1.21719225896445e-01
 1.14797598947205e-01 -1.18540534507040e-01
 1.07613490383049e-01 -1.15299992708415e-01
 1.00763373802617e-01 -1.12016962167569e-01
 9.42373125140606e-02 -1.08702152688955e-01
 8.80264762082451e-02 -1.05364084792543e-01
 8.21194220822259e-02 -1.02013331323728e-01
 7.65035759181144e-02 -9.86631805111610e-02
 7.11717356063819e-02 -9.53164013113427e-02
 6.61150495500811e-02 -9.19784684596146e-02
 6.13191177621470e-02 -8.86627346211225e-02
 5.67767637030275e-02 -8.53714953814067e-02
 5.24805128438542e-02 -8.21069310019179e-02
 4.84210694319116e-02 -7.88738625969385e-02
 4.45874696471520e-02 -7.56789094154107e-02
 4.09705445403400e-02 -7.25261728282277e-02
 3.75626397950479e-02 -6.94182780882564e-02
 3.43546138556982e-02 -6.63582881170331e-02
 3.13394186354902e-02 -6.33476824306655e-02
 2.85141947110917e-02 -6.03837101986976e-02
 2.58664694245119e-02 -5.74736052095536e-02
 2.33955798184093e-02 -5.46139076195924e-02
 2.10912498546237e-02 -5.18080902140204e-02
 1.89426922648870e-02 -4.90606319835044e-02
 1.69500757465608e-02 -4.63682976533144e-02
 1.51065429646107e-02 -4.37331174478072e-02
 1.34006065721590e-02 -4.11584144075070e-02
 1.18232072945273e-02 -3.86465405688851e-02
 1.03854972802896e-02 -3.61891434464583e-02
 9.07193128676015e-03 -3.37923073457818e-02
 7.87256918879711e-03 -3.14581504632026e-02
 6.77768779746552e-03 -2.91885893649293e-02
 5.80117850503259e-03 -2.69771855263596e-02
 4.92732661557687e-03 -2.48270891373393e-02
 4.13798545952767e-03 -2.27440650819403e-02
 3.40658905301452e-03 -2.07335205832827e-02
 2.75102146232103e-03 -1.87891206685724e-02
 2.21311636996486e-03 -1.68947739179901e-02
 1.76426971226532e-03 -1.50596579901762e-02
 1.38478452344473e-03 -1.32851153824194e-02
 1.09719122797517e-03 -1.15708801138865e-02
 8.71697862566928e-04 -9.91591007568127e-03
 6.90011822023705e-04 -8.32419164826648e-03
 5.41964878640263e-04 -6.79359179653887e-03
 4.12988163002788e-04 -5.32359927462761e-03
 2.90717797777731e-04 -3.91287413168758e-03
 1.85624985861422e-04 -2.55877943251331e-03
 9.04928181960462e-05 -1.25889385536789e-03
 0.00000000000000e+00  0.00000000000000e+00
 8.98313694561122e-05  1.23425699406913e-03
 1.83160295020962e-04  2.53299281117972e-03
 2.85261147397146e-04  3.88513650063410e-03
 4.03365233895527e-04  5.29290597888910e-03
 5.26721544419013e-04  6.75913036081924e-03
 6.65460203795950e-04  8.28520028304925e-03
 8.34520942534102e-04  9.87178839071403e-03
 1.04294714238172e-03  1.15218104360871e-02
 1.30188278680927e-03  1.32323692340905e-02
 1.64028164550485e-03  1.50041705321273e-02
 2.04671911960763e-03  1.68363594934635e-02
 2.53433513642430e-03  1.87304297142103e-02
 3.11070548022120e-03  2.06815464348558e-02
 3.78068443247458e-03  2.26942668407550e-02
 4.49061025701127e-03  2.47838449133189e-02
 5.27937154038962e-03  2.69408592160108e-02
 6.16927655157007e-03  2.91620382618096e-02
 7.16488101006187e-03  3.14447455558231e-02
 8.26248990465071e-03  3.37942193711002e-02
 9.45695569874130e-03  3.62147206159736e-02
 1.07710533167640e-02  3.86974174410378e-02
 1.22111652441165e-02  4.12421710258897e-02
 1.37815309489242e-02  4.38498778805959e-02
 1.54784827298430e-02  4.65241398815284e-02
 1.73190592829352e-02  4.92576268620690e-02
 1.93114587791260e-02  5.20491546314820e-02
 2.14582525490160e-02  5.48995697040507e-02
 2.37695745176499e-02  5.78042249212248e-02
 2.62535236269535e-02  6.07602117380997e-02
 2.89185232996150e-02  6.37646180265956e-02
 3.17723047840656e-02  6.68147303550657e-02
 3.48235675126705e-02  6.99063958599765e-02
 3.80755829602585e-02  7.30398867489114e-02
 4.15384841232173e-02  7.62098066916660e-02
 4.52207935399146e-02  7.94118881789324e-02
 4.91294962169775e-02  8.26434560113190e-02
 5.32745553295772e-02  8.58987872071849e-02
 5.76635147416537e-02  8.91730506634850e-02
 6.23078978694763e-02  9.24570388598698e-02
 6.72173226457032e-02  9.57434367800341e-02
 7.23997822083258e-02  9.90260310583114e-02
 7.78623711086821e-02  1.02300961115473e-01
 8.36147756914729e-02  1.05559583567491e-01
 8.96659151069128e-02  1.08793430094118e-01
 9.60291388974852e-02  1.11984551638895e-01
 1.02709200977424e-01  1.15131201259304e-01
 1.09716526282936e-01  1.18218835787541e-01
 1.17062368900522e-01  1.21230869356981e-01
 1.24753136903551e-01  1.24159088607220e-01
 1.32795522745454e-01  1.26993732212796e-01
 1.41199170037296e-01  1.29715202723959e-01
 1.49968945010816e-01  1.32317165982579e-01
 1.59113290105079e-01  1.34778146964188e-01
 1.68636247472834e-01  1.37290393679262e-01
 1.78544443320688e-01  1.39671491790671e-01
 1.88842015815934e-01  1.41810236499415e-01
 1.99533488886675e-01  1.43721793888854e-01
 2.10620250260625e-01  1.45392188691886e-01
 2.22105162954817e-01  1.46796638615244e-01
 2.33989391967472e-01  1.47916309037909e-01
 2.46273299652690e-01  1.48744264861555e-01
 2.58957481294929e-01  1.49267051663527e-01
 2.72042530047684e-01  1.49472382755581e-01
 2.85528448215788e-01  1.49320273286621e-01
 2.99414884781112e-01  1.48842973580088e-01
 3.13700729516017e-01  1.48452057225526e-01
 3.28384848174860e-01  1.47783671359906e-01
 3.43466524876726e-01  1.46862886262554e-01
 3.58944185904426e-01  1.45684746086586e-01
 3.74815241555607e-01  1.44238929003403e-01
 3.91077490288106e-01  1.42530180951929e-01
 4.07727811518038e-01  1.40560386246065e-01
 4.24761668432929e-01  1.38319754148462e-01
 4.42176818515199e-01  1.35827546083104e-01
 4.59968176030194e-01  1.33081803696111e-01
 4.78129778903223e-01  1.30082874050822e-01
 4.96655488167023e-01  1.26832250943181e-01
 5.15539958379128e-01  1.23344272069296e-01
 5.34776971580533e-01  1.19628696326684e-01
 5.54362559799134e-01  1.15712424735698e-01
 5.74285158706416e-01  1.11587474018277e-01
 5.94534559363500e-01  1.07257448412552e-01
 6.15102265635843e-01  1.02739256480988e-01
 6.35975163195171e-01  9.80328179176603e-02
 6.57143372403241e-01  9.31566751975252e-02
 6.78591464638773e-01  8.81094951970300e-02
 7.00306670389203e-01  8.29056067116453e-02
 7.22274987768325e-01  7.75583978508098e-02
 7.44480410756626e-01  7.20762015463989e-02
 7.66911046573992e-01  6.64878520736302e-02
 7.89551866241212e-01  6.08124615215420e-02
 8.12388336471786e-01  5.50742948760572e-02
 8.35399728599175e-01  4.92759494966860e-02
 8.58573817011494e-01  4.34567943051585e-02
 8.81896103575723e-01  3.76499022042321e-02
 9.05346962836943e-01  3.18704809216264e-02
 9.28912382267370e-01  2.61592917343084e-02
 9.52571618197876e-01  2.05385218029845e-02
 9.76282264019558e-01  1.49808250085851e-02
 1.00000000000000e+00  9.51992402025965e-03
