                   201   NumCoords   ! The number of coordinates in the airfoil shape file (including an extra coordinate for airfoil reference).  Set to zero if coordinates not included.
! ......... x-y coordinates are next if NumCoords > 0 .............
! x-y coordinate of airfoil reference
!  x/c        y/c
 0.313814       0
! coordinates of airfoil shape
! interpolation to 200 points
!  x/c        y/c
 1.00000000000000e+00 -1.08613506610892e-02
 9.78142252706435e-01 -6.01311421243630e-03
 9.56049804403529e-01 -2.57178387227320e-03
 9.33829333349424e-01 -9.39543987518715e-04
 9.11603192322237e-01 -5.62885953313882e-04
 8.89462843218605e-01 -1.28413267187707e-03
 8.67480484922251e-01 -3.11086229897001e-03
 8.45712411663848e-01 -5.91546698318754e-03
 8.24205726221244e-01 -9.59849470818631e-03
 8.03000720693554e-01 -1.40926454040436e-02
 7.82128395558949e-01 -1.93088634701820e-02
 7.61589717169138e-01 -2.50971503630173e-02
 7.41386344171412e-01 -3.13516004592081e-02
 7.21522310065822e-01 -3.79978687768506e-02
 7.01985244261175e-01 -4.49286843669972e-02
 6.82756618817898e-01 -5.20372836447169e-02
 6.63818745377999e-01 -5.92310740956789e-02
 6.45155793405659e-01 -6.64305559006381e-02
 6.26751199819145e-01 -7.35588183105829e-02
 6.08590622238307e-01 -8.05470526697052e-02
 5.90664820279213e-01 -8.73406219073359e-02
 5.72964792969168e-01 -9.38851992782800e-02
 5.55488576761549e-01 -1.00145693497265e-01
 5.38235976338018e-01 -1.06091124966691e-01
 5.21210464592233e-01 -1.11699124580405e-01
 5.04416038275430e-01 -1.16950432557181e-01
 4.87855501152213e-01 -1.21826412285620e-01
 4.71540320701946e-01 -1.26332151747351e-01
 4.55473823932898e-01 -1.30451318104037e-01
 4.39665804174668e-01 -1.34187847250521e-01
 4.24124783298444e-01 -1.37548985612871e-01
 4.08858607849360e-01 -1.40535130793534e-01
 3.93874472298456e-01 -1.43154985965920e-01
 3.79180062718798e-01 -1.45417449342495e-01
 3.64780841565209e-01 -1.47330840101602e-01
 3.50682970514713e-01 -1.48912285083016e-01
 3.36888834190689e-01 -1.50159126137763e-01
 3.23406030564816e-01 -1.51071424462305e-01
 3.10237142453025e-01 -1.51781701989072e-01
 2.97386902273593e-01 -1.52189531450318e-01
 2.84857210875167e-01 -1.52282368671597e-01
 2.72651126043035e-01 -1.52143289517461e-01
 2.60769238100679e-01 -1.51819442343741e-01
 2.49213253883983e-01 -1.51363697843096e-01
 2.37982023233734e-01 -1.50809462178950e-01
 2.27076485902756e-01 -1.49280458517954e-01
 2.16495142453379e-01 -1.47466562979810e-01
 2.06235125279603e-01 -1.45557224499971e-01
 1.96293431767549e-01 -1.43822555260228e-01
 1.86668172605623e-01 -1.41926727687489e-01
 1.77355574723548e-01 -1.39877559170189e-01
 1.68350436098343e-01 -1.37690371225818e-01
 1.59649063989848e-01 -1.35380454600431e-01
 1.51247760606181e-01 -1.32951093577487e-01
 1.43139408951436e-01 -1.30419216764901e-01
 1.35318900914673e-01 -1.27793138593665e-01
 1.27780997787235e-01 -1.25085418867948e-01
 1.20520471355637e-01 -1.22299022627256e-01
 1.13529095937841e-01 -1.19450304671255e-01
 1.06802943204829e-01 -1.16543466067151e-01
 1.00338992098795e-01 -1.13576635037959e-01
 9.41276658850359e-02 -1.10565469542575e-01
 8.81648673821205e-02 -1.07514229433996e-01
 8.24472003610302e-02 -1.04424063721146e-01
 7.69683807573759e-02 -1.01302957605084e-01
 7.17208761969389e-02 -9.81599767763049e-02
 6.67014882160600e-02 -9.49941820459417e-02
 6.19039809247878e-02 -9.18136164225989e-02
 5.73245085063827e-02 -8.86191771550800e-02
 5.29589502341673e-02 -8.54141823554174e-02
 4.88062754664475e-02 -8.21984532436034e-02
 4.48585782239824e-02 -7.89793231021203e-02
 4.11151703814612e-02 -7.57575699799629e-02
 3.75698803685068e-02 -7.25370986182525e-02
 3.42162000974334e-02 -6.93240179294930e-02
 3.10510625876303e-02 -6.61226786744575e-02
 2.80699749136903e-02 -6.29363993367092e-02
 2.52662918267255e-02 -5.97675169745249e-02
 2.26357041091257e-02 -5.66199387507836e-02
 2.01841521987030e-02 -5.34916122052811e-02
 1.79001379238054e-02 -5.03884945189371e-02
 1.57804328243809e-02 -4.73129095390774e-02
 1.38185280700819e-02 -4.42695885487921e-02
 1.20189913344479e-02 -4.12570002587771e-02
 1.03687794821427e-02 -3.82846120975012e-02
 8.85376858961137e-03 -3.53581414740843e-02
 7.45267461500665e-03 -3.24840835487461e-02
 6.18380593576102e-03 -2.96593925432139e-02
 5.06529088568344e-03 -2.68749543345792e-02
 4.09788996438531e-03 -2.41364502472428e-02
 3.25549042090997e-03 -2.14459629803846e-02
 2.55840381917850e-03 -1.88107019296833e-02
 1.97293718311919e-03 -1.62306145436437e-02
 1.49872494729293e-03 -1.37140612794865e-02
 1.10619476396782e-03 -1.12602877880141e-02
 7.68029315742696e-04 -8.87749402562345e-03
 4.65265571657215e-04 -6.56366198421192e-03
 2.58972297349003e-04 -4.31633087525755e-03
 1.01639418659740e-04 -2.13224499777734e-03
 0.00000000000000e+00  0.00000000000000e+00
 9.85562594096914e-05  2.09995430956897e-03
 2.59669977831486e-04  4.28213648186804e-03
 4.63383569656395e-04  6.52676267395286e-03
 7.56575856159999e-04  8.83653572165682e-03
 1.08284115782646e-03  1.12150213878305e-02
 1.45101537272290e-03  1.36643385933659e-02
 1.88311594020405e-03  1.61809650868370e-02
 2.39548648877691e-03  1.87676198660854e-02
 3.00697685588691e-03  2.14134394904517e-02
 3.75819534045109e-03  2.41165773189985e-02
 4.63561992468892e-03  2.68690057153920e-02
 5.66341117399283e-03  2.96690631571981e-02
 6.82266585273986e-03  3.25155328723829e-02
 8.12365052487480e-03  3.54106149101417e-02
 9.52457426750855e-03  3.83630992934890e-02
 1.10552970909477e-02  4.13644023245006e-02
 1.27323064170228e-02  4.44098725183744e-02
 1.45582523272717e-02  4.74940723009477e-02
 1.65354487382382e-02  5.06175363926020e-02
 1.86632087783004e-02  5.37779816135758e-02
 2.09556222831430e-02  5.69667616685875e-02
 2.34182571584966e-02  6.01820121770621e-02
 2.60519900353401e-02  6.34235445697134e-02
 2.88589130226335e-02  6.66852216075945e-02
 3.18488487615887e-02  6.99622702034095e-02
 3.50263114023185e-02  7.32522795679203e-02
 3.83971834499782e-02  7.65477386775611e-02
 4.19659397097197e-02  7.98442120882041e-02
 4.57385453365588e-02  8.31359097791980e-02
 4.97209526060548e-02  8.64168482385747e-02
 5.39177765756314e-02  8.96822886005418e-02
 5.83330115736000e-02  9.29283707363337e-02
 6.29688075987611e-02  9.61512711470499e-02
 6.78305559668670e-02  9.93452971870352e-02
 7.29246468884107e-02  1.02500841503390e-01
 7.82538979515151e-02  1.05615065392893e-01
 8.38216887540406e-02  1.08687339666507e-01
 8.96330236457535e-02  1.11708686051435e-01
 9.56937527331878e-02  1.14672367141861e-01
 1.02008902831574e-01  1.17571376735643e-01
 1.08584110442849e-01  1.20392002835164e-01
 1.15420748787927e-01  1.23137409275873e-01
 1.22523654810713e-01  1.25800493158344e-01
 1.29897368097292e-01  1.28372747074611e-01
 1.37549167548468e-01  1.30840263236656e-01
 1.45479631072273e-01  1.33207058776962e-01
 1.53694604428570e-01  1.35458433641390e-01
 1.62198990088222e-01  1.37593133170115e-01
 1.70996122334518e-01  1.39599890631656e-01
 1.80088853005970e-01  1.41479445334150e-01
 1.89482103424852e-01  1.43209580198286e-01
 1.99177887444589e-01  1.44799787020098e-01
 2.09180460997340e-01  1.46226167801699e-01
 2.19491280477102e-01  1.47746319849977e-01
 2.30113946718645e-01  1.48763076402080e-01
 2.41049974509030e-01  1.49468538151803e-01
 2.52301060610131e-01  1.50084607640999e-01
 2.63867694294228e-01  1.50588733408554e-01
 2.75750566642428e-01  1.50945681288641e-01
 2.87949332516923e-01  1.51122367165597e-01
 3.00463686338923e-01  1.51102492736764e-01
 3.13293098138118e-01  1.50861008776809e-01
 3.26437410342835e-01  1.50378175512930e-01
 3.39895109921470e-01  1.49609827615615e-01
 3.53665891605302e-01  1.48571747522852e-01
 3.67747721381984e-01  1.47403478080659e-01
 3.82138678579976e-01  1.46000959202480e-01
 3.96838348517735e-01  1.44391189091959e-01
 4.11844999073490e-01  1.42573363397407e-01
 4.27156578601971e-01  1.40545208320838e-01
 4.42769972004607e-01  1.38307667380004e-01
 4.58682050076109e-01  1.35863103103499e-01
 4.74889887380126e-01  1.33211579606222e-01
 4.91390444673058e-01  1.30364594071322e-01
 5.08179287529164e-01  1.27322323168131e-01
 5.25250554425735e-01  1.24083071878993e-01
 5.42601137210950e-01  1.20658130092963e-01
 5.60223733961142e-01  1.17047530823888e-01
 5.78114850317303e-01  1.13266683121855e-01
 5.96269894480710e-01  1.09331720232724e-01
 6.14679365733030e-01  1.05236621685451e-01
 6.33336297134122e-01  1.00989629133059e-01
 6.52233118675200e-01  9.66008755150633e-02
 6.71359004080792e-01  9.20687823988290e-02
 6.90707390285690e-01  8.74122230312730e-02
 7.10266478987129e-01  8.26310893533393e-02
 7.30026667669233e-01  7.77373078908273e-02
 7.49977653994785e-01  7.27426819195895e-02
 7.70107238306559e-01  6.76536180957833e-02
 7.90405470499475e-01  6.24883190756705e-02
 8.10861324966443e-01  5.72624342991718e-02
 8.31465084640154e-01  5.19987330141052e-02
 8.52202111508983e-01  4.67027578846750e-02
 8.73060665885278e-01  4.13939675851217e-02
 8.94031577474631e-01  3.61032477776976e-02
 9.15101615112233e-01  3.08473628218559e-02
 9.36258757878150e-01  2.56502488899083e-02
 9.57483205521170e-01  2.05190738394464e-02
 9.78740515431487e-01  1.54350159041971e-02
 1.00000000000000e+00  1.04221756965679e-02
