                   201   NumCoords   ! The number of coordinates in the airfoil shape file (including an extra coordinate for airfoil reference).  Set to zero if coordinates not included.
! ......... x-y coordinates are next if NumCoords > 0 .............
! x-y coordinate of airfoil reference
!  x/c        y/c
 0.248515       0
! coordinates of airfoil shape
! interpolation to 200 points
!  x/c        y/c
 1.00000000000000e+00 -3.98932386149694e-03
 9.76418988732383e-01 -4.24987526197817e-04
 9.52775514458974e-01  2.29641229700336e-03
 9.29108806819255e-01  4.11826133430647e-03
 9.05452973159511e-01  5.11616628096594e-03
 8.81870971319654e-01  5.05538028202041e-03
 8.58426083634665e-01  3.95862526969034e-03
 8.35171453883250e-01  2.03685903736186e-03
 8.12153955402277e-01 -5.98415253027893e-04
 7.89425902855926e-01 -4.05462430433015e-03
 7.67033075878511e-01 -8.31281481912178e-03
 7.45004824674068e-01 -1.32519815696814e-02
 7.23352269867825e-01 -1.87427150918437e-02
 7.02079326355105e-01 -2.46697045079718e-02
 6.81187032444147e-01 -3.09356218159840e-02
 6.60666256298659e-01 -3.74304419441240e-02
 6.40502241547552e-01 -4.40455741829377e-02
 6.20677099100587e-01 -5.06763784676369e-02
 6.01176799297295e-01 -5.72384125591432e-02
 5.81986289120066e-01 -6.36489067637115e-02
 5.63094631258223e-01 -6.98390703152392e-02
 5.44495074548117e-01 -7.57531766510862e-02
 5.26182925421208e-01 -8.13397834871748e-02
 5.08159794366865e-01 -8.65686716287299e-02
 4.90425832970434e-01 -9.13993445229273e-02
 4.72984897222827e-01 -9.58037585954050e-02
 4.55845623443143e-01 -9.97692640351010e-02
 4.39020953490703e-01 -1.03307424110393e-01
 4.22520341373869e-01 -1.06414289881601e-01
 4.06355737689160e-01 -1.09119573647262e-01
 3.90537857165423e-01 -1.11728280868884e-01
 3.75074298112145e-01 -1.13896681485943e-01
 3.59974670416739e-01 -1.15660517579220e-01
 3.45245898832106e-01 -1.17047133003323e-01
 3.30894784605522e-01 -1.18088611694228e-01
 3.16924104819264e-01 -1.18798728132844e-01
 3.03338226515042e-01 -1.19222052929463e-01
 2.90139021427371e-01 -1.19346135414823e-01
 2.77326377035381e-01 -1.19223800167918e-01
 2.64900953516150e-01 -1.18863047517183e-01
 2.52860695593714e-01 -1.18285066995392e-01
 2.41203197245533e-01 -1.17509476644212e-01
 2.29926149091185e-01 -1.16546498124381e-01
 2.19025991267283e-01 -1.15408909225470e-01
 2.08496901794784e-01 -1.14120024057629e-01
 1.98336201822883e-01 -1.12680279272140e-01
 1.88535373827534e-01 -1.11126276795308e-01
 1.79090286868573e-01 -1.09401977453835e-01
 1.69993805537885e-01 -1.07431643532378e-01
 1.61238843836509e-01 -1.05354797322200e-01
 1.52817244896801e-01 -1.03188294841297e-01
 1.44720547267110e-01 -1.00942662445475e-01
 1.36942291867401e-01 -9.86249503859746e-02
 1.29474944165445e-01 -9.62448518139913e-02
 1.22309166273194e-01 -9.38145315928070e-02
 1.15436570924619e-01 -9.13428838190220e-02
 1.08849841959329e-01 -8.88362447824711e-02
 1.02538487060698e-01 -8.63083781087588e-02
 9.64936595259476e-02 -8.37673653320316e-02
 9.07092623251342e-02 -8.12134359065747e-02
 8.51766608681472e-02 -7.86531671278687e-02
 7.98855105109362e-02 -7.60978909454558e-02
 7.48294566096078e-02 -7.35484755640900e-02
 7.00018410722649e-02 -7.10069143767733e-02
 6.53943092945383e-02 -6.84777592190298e-02
 6.09964027551785e-02 -6.59706754125894e-02
 5.68016544771923e-02 -6.34875740198885e-02
 5.28041143340619e-02 -6.10291574029973e-02
 4.89962903927334e-02 -5.85990342662254e-02
 4.53724277752386e-02 -5.61970545243822e-02
 4.19274057316914e-02 -5.38228199911784e-02
 3.86535891674088e-02 -5.14801755705732e-02
 3.55472831918288e-02 -4.91670335254664e-02
 3.26027926727543e-02 -4.68837478330532e-02
 2.98102961775967e-02 -4.46379682968750e-02
 2.71668171167554e-02 -4.24274502670958e-02
 2.46661194507568e-02 -4.02546900126724e-02
 2.23011543531936e-02 -3.81210044713697e-02
 2.00688011952055e-02 -3.60255088331274e-02
 1.79777270002615e-02 -3.39532234060164e-02
 1.60231432284131e-02 -3.19069555092549e-02
 1.41951175479479e-02 -2.98894230096657e-02
 1.24884802832432e-02 -2.79056468193210e-02
 1.09103124276702e-02 -2.59484598263155e-02
 9.45819892862134e-03 -2.40220133302986e-02
 8.11221543670047e-03 -2.21350565484088e-02
 6.80926478431820e-03 -2.03342303999078e-02
 5.62619127874936e-03 -1.85543655753783e-02
 4.59325287480367e-03 -1.67850493122333e-02
 3.70937305193188e-03 -1.50355995583216e-02
 2.95225311207684e-03 -1.33185321381137e-02
 2.32552402551091e-03 -1.16388072845967e-02
 1.81808557258503e-03 -1.00039350742057e-02
 1.41944584084860e-03 -8.41673511548090e-03
 1.07023200900724e-03 -6.88011209059606e-03
 7.78648957133226e-04 -5.39909834474412e-03
 5.46731468146380e-04 -3.97182642454004e-03
 3.33529159540312e-04 -2.59471406858766e-03
 1.41835452652381e-04 -1.27015602469457e-03
 0.00000000000000e+00  0.00000000000000e+00
 1.31753585174962e-04  1.27066469049836e-03
 2.89351887780680e-04  2.59612690907609e-03
 4.61839775904168e-04  3.97591032299635e-03
 6.38699297998291e-04  5.40944058978935e-03
 8.52032279242083e-04  6.90078033960099e-03
 1.10403190222697e-03  8.44948450340555e-03
 1.39767593045926e-03  1.00543325148415e-02
 1.75411933504610e-03  1.17181562199112e-02
 2.21101660481402e-03  1.34342306027235e-02
 2.77701760541602e-03  1.52006478215993e-02
 3.43219053741253e-03  1.70203947966150e-02
 4.19191847802936e-03  1.88908247459401e-02
 5.07410616112954e-03  2.08028306614210e-02
 6.05477149231557e-03  2.27646943165086e-02
 7.12851102873794e-03  2.47722201112682e-02
 8.30202181399062e-03  2.68345587054781e-02
 9.60882587642265e-03  2.89284508138638e-02
 1.10451287940747e-02  3.10582794299329e-02
 1.26029797275019e-02  3.32294278535404e-02
 1.42708780658083e-02  3.54543464419137e-02
 1.60692447857052e-02  3.77200863116422e-02
 1.79971116436503e-02  4.00325161825899e-02
 2.00631739347046e-02  4.23843521148663e-02
 2.22674805132819e-02  4.47814910678332e-02
 2.46255345006972e-02  4.72086533269980e-02
 2.71425841727662e-02  4.96658677853413e-02
 2.98227937181790e-02  5.21498863847686e-02
 3.26747582781896e-02  5.46561829673690e-02
 3.57024986907965e-02  5.71838983149698e-02
 3.89046010970829e-02  5.97405075733375e-02
 4.22883524721709e-02  6.23228344514897e-02
 4.58632429890139e-02  6.49242195760720e-02
 4.96329738066580e-02  6.75458136508390e-02
 5.36064753765490e-02  7.01797516436900e-02
 5.77904470386248e-02  7.28220453522836e-02
 6.21907948792870e-02  7.54715427978892e-02
 6.68150616180260e-02  7.81233409181760e-02
 7.16670209230208e-02  8.07800435725494e-02
 7.67559536148512e-02  8.34331292686235e-02
 8.20898391443004e-02  8.60766876978116e-02
 8.76762955168369e-02  8.87052869100134e-02
 9.35223021492623e-02  9.13152686993063e-02
 9.96350422848513e-02  9.39023912397204e-02
 1.06022916646999e-01  9.64550368549232e-02
 1.12693884937186e-01  9.89653035995577e-02
 1.19655243347339e-01  1.01428312699446e-01
 1.26914212891724e-01  1.03840003788206e-01
 1.34478022167577e-01  1.06191167059019e-01
 1.42354162704568e-01  1.08475599196200e-01
 1.50550184383934e-01  1.10679889596858e-01
 1.59074490729145e-01  1.12785315036670e-01
 1.67932776406692e-01  1.14791153760473e-01
 1.77130842621381e-01  1.16704281543722e-01
 1.86675236885543e-01  1.18397193528388e-01
 1.96572590586865e-01  1.19912395839382e-01
 2.06828516231304e-01  1.21315075984571e-01
 2.17448232024818e-01  1.22587750549876e-01
 2.28435813478797e-01  1.23722153090440e-01
 2.39794637414196e-01  1.24705677156152e-01
 2.51528709512410e-01  1.25538645845372e-01
 2.63641082122618e-01  1.26202025473418e-01
 2.76133886300300e-01  1.26684458834671e-01
 2.89009000906591e-01  1.26964874550498e-01
 3.02267950028669e-01  1.27019282407485e-01
 3.15910626635639e-01  1.26854073570645e-01
 3.29936938860720e-01  1.26463732266147e-01
 3.44345841356713e-01  1.25779526013599e-01
 3.59136631913226e-01  1.24828878611920e-01
 3.74306935677626e-01  1.23668261938208e-01
 3.89855732833243e-01  1.22375372522595e-01
 4.05779668150321e-01  1.20837892628271e-01
 4.22077292952691e-01  1.19070205248043e-01
 4.38744189181708e-01  1.17064068519657e-01
 4.55776944752130e-01  1.14824350586714e-01
 4.73171093382148e-01  1.12355207926488e-01
 4.90922020078925e-01  1.09663031162595e-01
 5.09022329617313e-01  1.06740880342120e-01
 5.27468836937548e-01  1.03613225435778e-01
 5.46253289209623e-01  1.00278604911210e-01
 5.65369066516445e-01  9.67484169365933e-02
 5.84806479855105e-01  9.30226251746883e-02
 6.04557323927318e-01  8.91136074612872e-02
 6.24611869157750e-01  8.50306228435974e-02
 6.44958882286448e-01  8.07791527611373e-02
 6.65590904445935e-01  7.63879164593705e-02
 6.86495963878717e-01  7.18670525024153e-02
 7.07664571298501e-01  6.72426658480420e-02
 7.29082883524220e-01  6.25243625350686e-02
 7.50736442793084e-01  5.77230483160986e-02
 7.72615718755842e-01  5.28760278612518e-02
 7.94704017162610e-01  4.79915754074281e-02
 8.16986075562871e-01  4.30881400734688e-02
 8.39446296212024e-01  3.81864153282006e-02
 8.62065247925076e-01  3.32924120249942e-02
 8.84824510552290e-01  2.84198516652884e-02
 9.07707091124402e-01  2.35921246144866e-02
 9.30691515919687e-01  1.89120795675111e-02
 9.53755480338551e-01  1.42351369109144e-02
 9.76865967722791e-01  9.56181201898513e-03
 1.00000000000000e+00  4.90061334196408e-03
