                   201   NumCoords   ! The number of coordinates in the airfoil shape file (including an extra coordinate for airfoil reference).  Set to zero if coordinates not included.
! ......... x-y coordinates are next if NumCoords > 0 .............
! x-y coordinate of airfoil reference
!  x/c        y/c
 0.234689       0
! coordinates of airfoil shape
! interpolation to 200 points
!  x/c        y/c
 1.00000000000000e+00 -2.64605429727526e-03
 9.75712711255647e-01  7.07736254234330e-04
 9.51363694747233e-01  3.23838138921163e-03
 9.26999376944445e-01  4.87443537913867e-03
 9.02652109307686e-01  5.71804101141156e-03
 8.78388964977151e-01  5.58363602813483e-03
 8.54276488256886e-01  4.47827004013779e-03
 8.30369797685664e-01  2.49016549740035e-03
 8.06718119212393e-01 -4.27806010983826e-04
 7.83378322711060e-01 -4.07822451709584e-03
 7.60398898191298e-01 -8.50347900771737e-03
 7.37808456123783e-01 -1.36105234090620e-02
 7.15614048567258e-01 -1.92490924532733e-02
 6.93820320164390e-01 -2.53092594962139e-02
 6.72429173480008e-01 -3.16969310340006e-02
 6.51429004879181e-01 -3.82927946375208e-02
 6.30803706228975e-01 -4.49838374484528e-02
 6.10532616348700e-01 -5.16568467865419e-02
 5.90601428441207e-01 -5.82256492216314e-02
 5.70995415287643e-01 -6.46061785893160e-02
 5.51703707087083e-01 -7.07261885961812e-02
 5.32721247344227e-01 -7.65323997033146e-02
 5.14043989797166e-01 -8.19721801052443e-02
 4.95676958575332e-01 -8.70216724748426e-02
 4.77620706611955e-01 -9.16349988564520e-02
 4.59881072195206e-01 -9.57851838674889e-02
 4.42468256922485e-01 -9.94613505331852e-02
 4.25397583430324e-01 -1.02680656036420e-01
 4.08680738278064e-01 -1.05446086467052e-01
 3.92330695711581e-01 -1.07763999469419e-01
 3.76358946797372e-01 -1.09216980323596e-01
 3.60773670242219e-01 -1.10322882090178e-01
 3.45584158807853e-01 -1.11098073540895e-01
 3.30797692946194e-01 -1.11570321329814e-01
 3.16419605216118e-01 -1.11746362721388e-01
 3.02453100850139e-01 -1.11640870802427e-01
 2.88900820116172e-01 -1.11307926801141e-01
 2.75764029757294e-01 -1.10707926962442e-01
 2.63041303951783e-01 -1.09906647367999e-01
 2.50731848365174e-01 -1.08903824070162e-01
 2.38832289031087e-01 -1.07721944682130e-01
 2.27338689963656e-01 -1.06378167350446e-01
 2.16247483295420e-01 -1.04880524307661e-01
 2.05553591932304e-01 -1.03241465786623e-01
 1.95249490164042e-01 -1.01487153078111e-01
 1.85331446062427e-01 -9.96129141214424e-02
 1.75789026422729e-01 -9.76484573697461e-02
 1.66616817423033e-01 -9.55986255245467e-02
 1.57806294036304e-01 -9.34760580343293e-02
 1.49348623522405e-01 -9.12923310678005e-02
 1.41234513568243e-01 -8.90577051586552e-02
 1.33453474391313e-01 -8.67890624081304e-02
 1.25998065770504e-01 -8.44902406316917e-02
 1.18859589141358e-01 -8.21662375329039e-02
 1.12026991424271e-01 -7.98287429083548e-02
 1.05490792624010e-01 -7.74846904016548e-02
 9.92431058938253e-02 -7.51340637451237e-02
 9.32719047895431e-02 -7.27900892265713e-02
 8.75672547947935e-02 -7.04588704562398e-02
 8.21220424639191e-02 -6.81408133080590e-02
 7.69274639593406e-02 -6.58382801810453e-02
 7.19717947453234e-02 -6.35755123767417e-02
 6.72478784661869e-02 -6.13468017273571e-02
 6.27492955243660e-02 -5.91409430062391e-02
 5.84667257880988e-02 -5.69615005949455e-02
 5.43896902979632e-02 -5.48140111004480e-02
 5.05100127969398e-02 -5.27001355249732e-02
 4.68220115545933e-02 -5.06181053898254e-02
 4.33184920859396e-02 -4.85675730994667e-02
 3.99922500004828e-02 -4.65498761927577e-02
 3.68389110671192e-02 -4.45636859383087e-02
 3.38504333547557e-02 -4.26115624378794e-02
 3.10223571087073e-02 -4.06912834168714e-02
 2.83499072749902e-02 -3.88019873755922e-02
 2.58233212138031e-02 -3.69479718504649e-02
 2.34425087002368e-02 -3.51245135273006e-02
 2.11989078838311e-02 -3.33326426993448e-02
 1.90834872841629e-02 -3.15780126830502e-02
 1.70925805650726e-02 -2.98585036627730e-02
 1.52380524807381e-02 -2.81605200088985e-02
 1.35132187983991e-02 -2.64847731818111e-02
 1.19082094940051e-02 -2.48410376686169e-02
 1.04153484031414e-02 -2.32299501801018e-02
 9.04499951479389e-03 -2.16389292328288e-02
 7.79446659075230e-03 -2.00634718755452e-02
 6.64240097128020e-03 -1.85213185773098e-02
 5.51299314323722e-03 -1.70567009830730e-02
 4.48948699252531e-03 -1.56190940269623e-02
 3.61560981484969e-03 -1.41731025363976e-02
 2.88712734553159e-03 -1.27202540840946e-02
 2.27926877080888e-03 -1.12802101782381e-02
 1.80338651307966e-03 -9.85465545104742e-03
 1.43342182130431e-03 -8.45584276928146e-03
 1.16208059896505e-03 -7.09080957940134e-03
 9.37486129767091e-04 -5.77676035482779e-03
 7.32432506502316e-04 -4.51768185113942e-03
 5.37819471650287e-04 -3.31204264574071e-03
 3.60634206056746e-04 -2.15820460239946e-03
 1.86913814077594e-04 -1.05475308220025e-03
 0.00000000000000e+00  0.00000000000000e+00
 1.76256581733969e-04  1.05645676479771e-03
 3.30906079033032e-04  2.16358972179746e-03
 4.68384519733108e-04  3.32225464709577e-03
 6.19913120933067e-04  4.53370495126845e-03
 7.72436416316077e-04  5.79993848338295e-03
 9.37103045077399e-04  7.12104313821111e-03
 1.13386480542439e-03  8.49803675515377e-03
 1.37446382904662e-03  9.92797476906600e-03
 1.70468917303312e-03  1.13959402523505e-02
 2.13937133699513e-03  1.29061014314270e-02
 2.64155556853698e-03  1.44615336720797e-02
 3.23764897604113e-03  1.60523216017545e-02
 3.95296851304596e-03  1.76740817405610e-02
 4.75195276851292e-03  1.93410034009909e-02
 5.63235206274501e-03  2.10671576358299e-02
 6.59757747476276e-03  2.28410696830998e-02
 7.68970662960592e-03  2.46470093811789e-02
 8.90095423077066e-03  2.64881729907355e-02
 1.02231419733804e-02  2.83738874135938e-02
 1.16392253956476e-02  3.03138817421447e-02
 1.31817956235234e-02  3.22926438091905e-02
 1.48537370851208e-02  3.43086575871335e-02
 1.66569838195197e-02  3.63663791229224e-02
 1.85881587978786e-02  3.84692263069279e-02
 2.06639725940469e-02  4.06089716350154e-02
 2.28890700926578e-02  4.27851425415383e-02
 2.52705333973003e-02  4.49988115281099e-02
 2.78170767283354e-02  4.72453732020425e-02
 3.05322790509296e-02  4.95240720454177e-02
 3.34150973689407e-02  5.18407576656781e-02
 3.64728944824155e-02  5.41924358595199e-02
 3.97159037852332e-02  5.65751334173709e-02
 4.31490632866672e-02  5.89885132860326e-02
 4.67809402475461e-02  6.14282137427361e-02
 5.06192282517599e-02  6.38939496239932e-02
 5.46710470090331e-02  6.63833639423647e-02
 5.89429910249549e-02  6.88948621100559e-02
 6.34400872009009e-02  7.14283586581894e-02
 6.81727497972196e-02  7.39769403467783e-02
 7.31495250536362e-02  7.65366424601989e-02
 7.83786949262863e-02  7.91038037144106e-02
 8.38684365043666e-02  8.16746317906261e-02
 8.96268544600117e-02  8.42438821935370e-02
 9.56627250944273e-02  8.68083002770970e-02
 1.01985427002430e-01  8.93620195548828e-02
 1.08603750873332e-01  9.18974986132940e-02
 1.15526012740721e-01  9.44057996507975e-02
 1.22760225049710e-01  9.68836422393413e-02
 1.30315152389933e-01  9.93188528340434e-02
 1.38199936362258e-01  1.01706135807859e-01
 1.46424172186275e-01  1.04044248572094e-01
 1.54995223799792e-01  1.06330556704101e-01
 1.63920221870297e-01  1.08524875270263e-01
 1.73206405933698e-01  1.10646708372586e-01
 1.82862100278720e-01  1.12663826850868e-01
 1.92894187336331e-01  1.14561807260928e-01
 2.03309067033858e-01  1.16328753671626e-01
 2.14111803136510e-01  1.17957887417680e-01
 2.25306739684242e-01  1.19445838038519e-01
 2.36898929192714e-01  1.20760745940932e-01
 2.48892425191497e-01  1.21890792494155e-01
 2.61290052873439e-01  1.22835126860476e-01
 2.74094424399621e-01  1.23578088674240e-01
 2.87307690780172e-01  1.24106450425473e-01
 3.00930115840871e-01  1.24407278476798e-01
 3.14962072339489e-01  1.24515006410380e-01
 3.29402827921837e-01  1.24363240650605e-01
 3.44252005474897e-01  1.24014079407955e-01
 3.59507539517109e-01  1.23324279886859e-01
 3.75168333412514e-01  1.22223997967654e-01
 3.91231609235128e-01  1.20862352913099e-01
 4.07695953883127e-01  1.19253122403506e-01
 4.24557185061303e-01  1.17392843796068e-01
 4.41811133380413e-01  1.15272453526387e-01
 4.59454068190466e-01  1.12908492069361e-01
 4.77481114232254e-01  1.10299507826037e-01
 4.95884303817391e-01  1.07441209211369e-01
 5.14660836608397e-01  1.04363793384301e-01
 5.33802482083924e-01  1.01060989475862e-01
 5.53301859416186e-01  9.75453565562864e-02
 5.73148858882009e-01  9.38175663713122e-02
 5.93334528022007e-01  8.98879133847223e-02
 6.13849234330632e-01  8.57696589982517e-02
 6.34680061405621e-01  8.14637356740997e-02
 6.55820135740547e-01  7.70085998409391e-02
 6.77256335723896e-01  7.24132091304473e-02
 6.98978758609140e-01  6.77057106606125e-02
 7.20972228526888e-01  6.28981052662304e-02
 7.43220826682754e-01  5.79983957381708e-02
 7.65715421167545e-01  5.30544939997376e-02
 7.88437358710093e-01  4.80726516216221e-02
 8.11369749600139e-01  4.30716406528988e-02
 8.34496546116126e-01  3.80784317574711e-02
 8.57795460470549e-01  3.30929250557127e-02
 8.81246658302423e-01  2.81312987603711e-02
 9.04831862344573e-01  2.32203518997825e-02
 9.28526435850833e-01  1.82132462235190e-02
 9.52307407145352e-01  1.32905928259372e-02
 9.76140279191526e-01  8.42546040438098e-03
 1.00000000000000e+00  3.64428158946189e-03
