                   201   NumCoords   ! The number of coordinates in the airfoil shape file (including an extra coordinate for airfoil reference).  Set to zero if coordinates not included.
! ......... x-y coordinates are next if NumCoords > 0 .............
! x-y coordinate of airfoil reference
!  x/c        y/c
 0.403334       0
! coordinates of airfoil shape
! interpolation to 200 points
!  x/c        y/c
 1.00000000000000e+00 -2.06493983078027e-03
 9.73340421598154e-01 -4.06722800056104e-03
 9.46888444076184e-01 -5.73294820270612e-03
 9.20846545022142e-01 -1.03861922507403e-02
 8.95228322574779e-01 -1.44031442469122e-02
 8.70075264246403e-01 -2.03204001480005e-02
 8.45368067417474e-01 -2.78363569258526e-02
 8.20769076725717e-01 -3.65671124829226e-02
 7.96463509765959e-01 -4.60922362205039e-02
 7.72610950358872e-01 -5.62642900724545e-02
 7.49198816231203e-01 -6.68336937484072e-02
 7.26235380302369e-01 -7.77143781779168e-02
 7.03677458489247e-01 -8.86709871435753e-02
 6.81487543036244e-01 -9.95074238113854e-02
 6.59638911883654e-01 -1.10154402331278e-01
 6.38090657328236e-01 -1.20434909780898e-01
 6.16823862958736e-01 -1.30291527669962e-01
 5.95821843569499e-01 -1.39653304073728e-01
 5.74694584394637e-01 -1.48478464167020e-01
 5.53617128981306e-01 -1.56754520438466e-01
 5.32743165404764e-01 -1.64392304739225e-01
 5.12095857455100e-01 -1.71379967840105e-01
 4.91726916486047e-01 -1.77776626589088e-01
 4.71607184764289e-01 -1.83455576278767e-01
 4.51810414542707e-01 -1.88539241524734e-01
 4.32311569539232e-01 -1.92887342350839e-01
 4.13157644151755e-01 -1.96562764300407e-01
 3.94374165657815e-01 -1.99597128796991e-01
 3.75977485636958e-01 -2.01975404811094e-01
 3.57988664554360e-01 -2.03696893629572e-01
 3.40433886191654e-01 -2.04910970550699e-01
 3.23325871082752e-01 -2.05482882483991e-01
 3.06679836727280e-01 -2.05546144241455e-01
 2.90505082063057e-01 -2.05122642709158e-01
 2.74820121783959e-01 -2.04194156619560e-01
 2.59631094394833e-01 -2.02800508469990e-01
 2.44949855269894e-01 -2.00931927267604e-01
 2.30759224346629e-01 -1.98665600819247e-01
 2.17086989245788e-01 -1.95958657493822e-01
 2.03928637819263e-01 -1.92823116203178e-01
 1.91274381323045e-01 -1.89267617202514e-01
 1.79145278819835e-01 -1.85217322287307e-01
 1.67507308899057e-01 -1.80626771094838e-01
 1.56388539534773e-01 -1.75256584542566e-01
 1.45758174119675e-01 -1.68681661173143e-01
 1.35628456378603e-01 -1.65314612002112e-01
 1.26004630078949e-01 -1.61792287364397e-01
 1.16835253116906e-01 -1.58131603610573e-01
 1.08174828490478e-01 -1.54317789281636e-01
 9.99611834465189e-02 -1.50396691230728e-01
 9.22219521628702e-02 -1.46370324321014e-01
 8.49353629069178e-02 -1.42251172254870e-01
 7.80707719901770e-02 -1.38059250298135e-01
 7.16605323806637e-02 -1.33790656900198e-01
 6.56407438327345e-02 -1.29473626553550e-01
 6.00029493087422e-02 -1.25120468941935e-01
 5.47477976291908e-02 -1.20738309682816e-01
 4.98361568268709e-02 -1.16347094036989e-01
 4.53309454408958e-02 -1.11947093929276e-01
 4.11464293950314e-02 -1.07566045043233e-01
 3.72310947006559e-02 -1.03221135327507e-01
 3.36717171110140e-02 -9.89114690396415e-02
 3.04044017893961e-02 -9.46509682148173e-02
 2.74033664552589e-02 -9.04470640728006e-02
 2.46437225230346e-02 -8.63067426760081e-02
 2.20871775463465e-02 -8.22390035272359e-02
 1.97805650709728e-02 -7.82436872059973e-02
 1.76758782305989e-02 -7.43303479114139e-02
 1.57494350021992e-02 -7.05045903163368e-02
 1.39839847518380e-02 -6.67772668961432e-02
 1.23970712620782e-02 -6.31555564860496e-02
 1.09597297903615e-02 -5.96412006534119e-02
 9.66061255240464e-03 -5.62341337230667e-02
 8.49879863931140e-03 -5.29361548097209e-02
 7.45658545013309e-03 -4.97482636414487e-02
 6.52800011851097e-03 -4.66630724990887e-02
 5.71941926231420e-03 -4.36744341045056e-02
 5.01015415149090e-03 -4.07889659644155e-02
 4.37243793675656e-03 -3.80047038380996e-02
 3.79840546788497e-03 -3.53184505225154e-02
 3.31994157930691e-03 -3.27293206887980e-02
 2.92322614469112e-03 -3.02348497952171e-02
 2.57253355111084e-03 -2.78394267809857e-02
 2.24543163820770e-03 -2.55404031868364e-02
 1.93755456829739e-03 -2.33366362411576e-02
 1.65653302372435e-03 -2.12266349909132e-02
 1.40914999273543e-03 -1.92052100156433e-02
 1.19037505669366e-03 -1.72680565314289e-02
 9.90685988690846e-04 -1.54118495407132e-02
 8.10490656885714e-04 -1.36335553745388e-02
 6.62205962150149e-04 -1.19298776167589e-02
 5.47373792171826e-04 -1.02979907186244e-02
 4.53275558186796e-04 -8.73561342705557e-03
 3.63021635324158e-04 -7.24019063063821e-03
 2.50616620459320e-04 -5.81013260951152e-03
 1.63323103349569e-04 -4.44341169490433e-03
 1.18155904111024e-04 -3.13803223644984e-03
 7.85905199523722e-05 -1.89431175322210e-03
 4.35918653456137e-05 -7.21364056785025e-04
 0.00000000000000e+00  0.00000000000000e+00
 3.97972495036534e-05  1.05353941407045e-03
 7.99259126523347e-05  2.25943787215800e-03
 1.44646453011156e-04  3.53581212850638e-03
 2.35981903976694e-04  4.87362946026048e-03
 3.41658142356497e-04  6.27385473534243e-03
 4.32580384263313e-04  7.73940309129585e-03
 5.24219281436661e-04  9.27162859173072e-03
 6.28709633635214e-04  1.08721685830642e-02
 7.61868024900271e-04  1.25422244642932e-02
 9.39911481430209e-04  1.42839876689964e-02
 1.13897676315926e-03  1.61022706621157e-02
 1.34437990437616e-03  1.80012032696019e-02
 1.57236854416905e-03  1.99826637467693e-02
 1.83036843242848e-03  2.20494760502805e-02
 2.11333247886168e-03  2.41722627757314e-02
 2.40510136149026e-03  2.63602870024224e-02
 2.69692383083845e-03  2.86428441598208e-02
 3.00519996046880e-03  3.10231738417231e-02
 3.35286167274596e-03  3.35036476844393e-02
 3.77741855801409e-03  3.60804075110065e-02
 4.28175047207949e-03  3.87567759676220e-02
 4.83039145887104e-03  4.15343957284139e-02
 5.43670440825803e-03  4.44155432358384e-02
 6.14220134202360e-03  4.73942679745138e-02
 6.97725726155098e-03  5.04708830994700e-02
 7.92903248051356e-03  5.36436588437683e-02
 8.98466562363127e-03  5.69317309165116e-02
 1.01660187856959e-02  6.03331972830406e-02
 1.14940692765315e-02  6.38432785483447e-02
 1.29608600752887e-02  6.74687699604732e-02
 1.45811613084957e-02  7.12077158937287e-02
 1.63590221251686e-02  7.50565034066665e-02
 1.82885157909029e-02  7.90091899769219e-02
 2.04119709175956e-02  8.30589888544303e-02
 2.27452741153416e-02  8.72035842256828e-02
 2.52840480596556e-02  9.14393928058975e-02
 2.80114274173958e-02  9.57632362137180e-02
 3.10032178183826e-02  1.00161355651513e-01
 3.42786993399846e-02  1.04625046969034e-01
 3.78361573238697e-02  1.09150526058537e-01
 4.16908196272295e-02  1.13721699295587e-01
 4.58505280302305e-02  1.18326296578021e-01
 5.03303567567595e-02  1.22954605275905e-01
 5.51844559055140e-02  1.27583768816008e-01
 6.04161645872805e-02  1.32192675885933e-01
 6.60102020058652e-02  1.36773662932058e-01
 7.20048952933048e-02  1.41308933126180e-01
 7.84157549997731e-02  1.45786709702721e-01
 8.52727087869608e-02  1.50171316375574e-01
 9.25853242955553e-02  1.54443222285723e-01
 1.00375128360719e-01  1.58585658590910e-01
 1.08629392232851e-01  1.62593839523517e-01
 1.17358147500177e-01  1.66443833016793e-01
 1.26591364065615e-01  1.70110624754990e-01
 1.36305406013274e-01  1.75952513894354e-01
 1.46527487471200e-01  1.81593880401990e-01
 1.57261871947131e-01  1.86342234472185e-01
 1.68499145443962e-01  1.90491732758169e-01
 1.80241352854336e-01  1.94160425080134e-01
 1.92498375404721e-01  1.97388754092312e-01
 2.05272218772690e-01  2.00192831006940e-01
 2.18563342091835e-01  2.02582319439887e-01
 2.32352983822101e-01  2.04579325490399e-01
 2.46636865113166e-01  2.06177355888927e-01
 2.61413308049149e-01  2.07390780999860e-01
 2.76670470894137e-01  2.08201426311500e-01
 2.92410637378158e-01  2.08562217402818e-01
 3.08613971258389e-01  2.08549379160469e-01
 3.25280224717733e-01  2.08064553343776e-01
 3.42396338652248e-01  2.07150200031501e-01
 3.59957204985089e-01  2.05835585130702e-01
 3.77941774688310e-01  2.04047583913559e-01
 3.96352250129626e-01  2.01844477547235e-01
 4.15171881691955e-01  1.99209117639855e-01
 4.34390736152799e-01  1.96148802169689e-01
 4.53988864499518e-01  1.92635685096671e-01
 4.73966898801258e-01  1.88722424632332e-01
 4.94300224965680e-01  1.84384158835945e-01
 5.14981804930451e-01  1.79646707743353e-01
 5.35986259674400e-01  1.74495934412939e-01
 5.57312089621935e-01  1.68980994310804e-01
 5.78622736392072e-01  1.63151221185854e-01
 6.00076673719214e-01  1.56938718088753e-01
 6.21853078831642e-01  1.50456366596002e-01
 6.43926604131972e-01  1.43607060050891e-01
 6.66298929751567e-01  1.36511197719212e-01
 6.88942320811659e-01  1.29095458685968e-01
 7.11843877000054e-01  1.21395503392729e-01
 7.34993844367170e-01  1.13474947601193e-01
 7.58367182069864e-01  1.05293450530681e-01
 7.81946410281551e-01  9.68775922396860e-02
 8.05715881553556e-01  8.82584592039992e-02
 8.29657576889112e-01  7.94597248098928e-02
 8.53739171129613e-01  7.04392994644721e-02
 8.77954071625828e-01  6.12818128382099e-02
 9.02286678886122e-01  5.20373145273905e-02
 9.26708105276119e-01  4.26775129865075e-02
 9.51186092022678e-01  3.32101310346787e-02
 9.75631787917338e-01  2.32745686796612e-02
 1.00000000000000e+00  1.32775430988595e-02
