                   201   NumCoords   ! The number of coordinates in the airfoil shape file (including an extra coordinate for airfoil reference).  Set to zero if coordinates not included.
! ......... x-y coordinates are next if NumCoords > 0 .............
! x-y coordinate of airfoil reference
!  x/c        y/c
 0.295494       0
! coordinates of airfoil shape
! interpolation to 200 points
!  x/c        y/c
 1.00000000000000e+00 -8.57054598620157e-03
 9.75521361942311e-01 -3.91711521937798e-03
 9.50838754949732e-01 -6.98453070780210e-04
 9.26063895066511e-01  5.89376089800961e-04
 9.01314075759014e-01  6.85955743433273e-04
 8.76697004974004e-01 -7.65986927985419e-04
 8.52300950251730e-01 -3.25716320651739e-03
 8.28190480489503e-01 -6.82169571442563e-03
 8.04419243983949e-01 -1.13314747441025e-02
 7.81033461578983e-01 -1.67627693034736e-02
 7.58074682563181e-01 -2.30114898985911e-02
 7.35535324435405e-01 -2.98643202537605e-02
 7.13415536126438e-01 -3.71994190091851e-02
 6.91709827474511e-01 -4.48980526575906e-02
 6.70397475070396e-01 -5.28244717081499e-02
 6.49451598141910e-01 -6.08478105373477e-02
 6.28849307434177e-01 -6.88597353190070e-02
 6.08569523457544e-01 -7.67641209145934e-02
 5.88588571062715e-01 -8.44613839589419e-02
 5.68893138426789e-01 -9.18791543283230e-02
 5.49475623373509e-01 -9.89591130735040e-02
 5.30327391983626e-01 -1.05638001854647e-01
 5.11453412454540e-01 -1.11888045832700e-01
 4.92857931728586e-01 -1.17678552764012e-01
 4.74547516060648e-01 -1.22983975690665e-01
 4.56532382098172e-01 -1.27790252926686e-01
 4.38827113713569e-01 -1.32100406565202e-01
 4.21446004054043e-01 -1.35920339223535e-01
 4.04400967333855e-01 -1.39249206690519e-01
 3.87704871310994e-01 -1.42098251114250e-01
 3.71372406623405e-01 -1.44582669124015e-01
 3.55413031073013e-01 -1.46600762127763e-01
 3.39838889410683e-01 -1.48177566853585e-01
 3.24658470436870e-01 -1.49323841297112e-01
 3.09881088700887e-01 -1.50068477903879e-01
 2.95511952607966e-01 -1.50432673198159e-01
 2.81556964269848e-01 -1.50435579236386e-01
 2.68020288369877e-01 -1.50063470470162e-01
 2.54903600394835e-01 -1.48889131796811e-01
 2.42209362181443e-01 -1.47317839893931e-01
 2.29938115209758e-01 -1.45700739303065e-01
 2.18088536459911e-01 -1.44013529953031e-01
 2.06659390285407e-01 -1.42236056775543e-01
 1.95648286922723e-01 -1.40355276046689e-01
 1.85051002359275e-01 -1.38365596159786e-01
 1.74864481286532e-01 -1.36259577062944e-01
 1.65083952564779e-01 -1.34040401758528e-01
 1.55701229616956e-01 -1.31609002111721e-01
 1.46708687811989e-01 -1.28791516459874e-01
 1.38100649119328e-01 -1.25854815643504e-01
 1.29868279530553e-01 -1.22817119678883e-01
 1.22000490163040e-01 -1.19698143494078e-01
 1.14490025751934e-01 -1.16507269144200e-01
 1.07328244791041e-01 -1.13256533179198e-01
 1.00502067576656e-01 -1.09964656759448e-01
 9.40014164575804e-02 -1.06642708020305e-01
 8.78172900946751e-02 -1.03299342159901e-01
 8.19380372614215e-02 -9.99459874639066e-02
 7.63511975498263e-02 -9.65950880367735e-02
 7.10495862755987e-02 -9.32490775493692e-02
 6.60235643550519e-02 -8.99156423028868e-02
 6.12589370045395e-02 -8.66072095860403e-02
 5.67484615166714e-02 -8.33257036908685e-02
 5.24840108113692e-02 -8.00746152432983e-02
 4.84563225560192e-02 -7.68581619989162e-02
 4.46539767408223e-02 -7.36836005436420e-02
 4.10678520762091e-02 -7.05547555648614e-02
 3.76901096674148e-02 -6.74739643576965e-02
 3.45108311335848e-02 -6.44453780693861e-02
 3.15232420030302e-02 -6.14695854744714e-02
 2.87236964154184e-02 -5.85446815539916e-02
 2.60996131376217e-02 -5.56775853027711e-02
 2.36503996920853e-02 -5.28641796926253e-02
 2.13651540378151e-02 -5.01087406699019e-02
 1.92325170932284e-02 -4.74157372518904e-02
 1.72516588277745e-02 -4.47829086878736e-02
 1.54164151693434e-02 -4.22109080847166e-02
 1.37157635337104e-02 -3.97020454964086e-02
 1.21406553637802e-02 -3.72583794224630e-02
 1.07014398390080e-02 -3.48713833680476e-02
 9.38367246452870e-03 -3.25465615353105e-02
 8.17634683357964e-03 -3.02859352021015e-02
 7.07071597151673e-03 -2.80907599207362e-02
 6.08013245021725e-03 -2.59543662451010e-02
 5.18975762743337e-03 -2.38790776455774e-02
 4.38126380307954e-03 -2.18708453224970e-02
 3.62970826175492e-03 -1.99340031770591e-02
 2.95491988882592e-03 -1.80608735851892e-02
 2.39577460094445e-03 -1.62357479687108e-02
 1.92293380408653e-03 -1.44686301438431e-02
 1.51849372156232e-03 -1.27612685049395e-02
 1.20056930891797e-03 -1.11121617597660e-02
 9.47817295040135e-04 -9.52049616098354e-03
 7.38527478255154e-04 -7.98913960250991e-03
 5.60990363224026e-04 -6.51593732266338e-03
 4.15266117620022e-04 -5.10032155972326e-03
 2.94950220701979e-04 -3.74157091396611e-03
 1.83923706549876e-04 -2.43624401773507e-03
 8.51978459583082e-05 -1.18419461541389e-03
 0.00000000000000e+00  0.00000000000000e+00
 8.29470085632367e-05  1.21286367786391e-03
 1.75315987342748e-04  2.46368269908894e-03
 2.76377325969638e-04  3.76776087829347e-03
 3.84437555163877e-04  5.12619368688707e-03
 5.09634203315991e-04  6.54235715895400e-03
 6.58321131609903e-04  8.01670199015829e-03
 8.37057408727100e-04  9.54935262104208e-03
 1.05984430204673e-03  1.11435449585855e-02
 1.33572060058281e-03  1.27970929483206e-02
 1.68645962279479e-03  1.45096862269275e-02
 2.10738940474808e-03  1.62817697366128e-02
 2.60558468488413e-03  1.81153141718129e-02
 3.19026087202522e-03  2.00053754121960e-02
 3.86792310868393e-03  2.19562311227296e-02
 4.58566043372999e-03  2.39823658119785e-02
 5.38260865966860e-03  2.60749737228999e-02
 6.27918970249418e-03  2.82305692650218e-02
 7.28125944374376e-03  3.04469307593273e-02
 8.38394362201086e-03  3.27292579979620e-02
 9.58328382832766e-03  3.50814240710799e-02
 1.08980045261467e-02  3.74988243549248e-02
 1.23324218657265e-02  3.99835401777316e-02
 1.38944455781467e-02  4.25327510429636e-02
 1.55813218907813e-02  4.51504309640408e-02
 1.74105048177991e-02  4.78277946569775e-02
 1.93907587057505e-02  5.05638780232067e-02
 2.15230327483575e-02  5.33613853590372e-02
 2.38181388228173e-02  5.62153578852474e-02
 2.62843551705533e-02  5.91231636882507e-02
 2.89295205765275e-02  6.20827316639198e-02
 3.17617689750926e-02  6.50912727566845e-02
 3.47902490435980e-02  6.81444823792630e-02
 3.80179291293597e-02  7.12435827448065e-02
 4.14557049338615e-02  7.43821109040175e-02
 4.51118314393809e-02  7.75571115736888e-02
 4.89933293814355e-02  8.07663323023303e-02
 5.31113543159424e-02  8.40017158568570e-02
 5.74730071229189e-02  8.72599880360408e-02
 6.20899970422444e-02  9.05318882712523e-02
 6.69722591473747e-02  9.38097470088296e-02
 7.21278331452649e-02  9.70881655124382e-02
 7.75641666596721e-02  1.00362528864020e-01
 8.32910901435530e-02  1.03624109207018e-01
 8.93179661072473e-02  1.06863403279728e-01
 9.56580099692683e-02  1.10063217186298e-01
 1.02316200566317e-01  1.13221129464799e-01
 1.09302949047048e-01  1.16323278235310e-01
 1.16629793747790e-01  1.19350733578462e-01
 1.24303184720797e-01  1.22295656858316e-01
 1.32329776433916e-01  1.25147748385726e-01
 1.40719300040829e-01  1.27888036074107e-01
 1.49476443157690e-01  1.30509561910435e-01
 1.58609596683674e-01  1.32992894460317e-01
 1.68122973821237e-01  1.35138250396728e-01
 1.78023028012180e-01  1.37001290961703e-01
 1.88313897027926e-01  1.38727491477711e-01
 1.99000089099043e-01  1.40304857556050e-01
 2.10082928443263e-01  1.41740578986397e-01
 2.21565241045305e-01  1.43021055412024e-01
 2.33448273727045e-01  1.44149665287288e-01
 2.45732286461832e-01  1.45128840284015e-01
 2.58417870093201e-01  1.45960219174737e-01
 2.71505528342020e-01  1.46643910126660e-01
 2.84995352313320e-01  1.47147014014199e-01
 2.98886860994513e-01  1.47515376122048e-01
 3.13178973534577e-01  1.47139866456942e-01
 3.27870538974923e-01  1.46446269582840e-01
 3.42960656116184e-01  1.45495203577332e-01
 3.58447588569791e-01  1.44311333531090e-01
 3.74328813086072e-01  1.42893723808473e-01
 3.90601927924407e-01  1.41212284089517e-01
 4.07263933595399e-01  1.39269994163606e-01
 4.24309999848471e-01  1.37056078710547e-01
 4.41738153995466e-01  1.34591463701512e-01
 4.59543023993644e-01  1.31872962804565e-01
 4.77718786218622e-01  1.28901854895689e-01
 4.96259041073563e-01  1.25678939587392e-01
 5.15158780271097e-01  1.22220113099128e-01
 5.34411119077671e-01  1.18532395461304e-01
 5.54012321379036e-01  1.14644021663130e-01
 5.73950852752699e-01  1.10547360700012e-01
 5.94216476998505e-01  1.06246257971540e-01
 6.14800414640361e-01  1.01756492780998e-01
 6.35690068071456e-01  9.70804345482802e-02
 6.56875048519650e-01  9.22346624698481e-02
 6.78340145975012e-01  8.72189416156709e-02
 7.00072536776146e-01  8.20475214010423e-02
 7.22058282849806e-01  7.67342015276896e-02
 7.44281508628863e-01  7.12879460330898e-02
 7.66730086515899e-01  6.57366419366823e-02
 7.89389065147842e-01  6.00998493915732e-02
 8.12243807857347e-01  5.44015889474745e-02
 8.35273284115443e-01  4.86431998965329e-02
 8.58465771240380e-01  4.28661642696840e-02
 8.81806232986865e-01  3.71014380619264e-02
 9.05274834168717e-01  3.13633907312522e-02
 9.28857970949644e-01  2.57248913595875e-02
 9.52534914410990e-01  2.00436116183601e-02
 9.76263497687080e-01  1.43360573212389e-02
 1.00000000000000e+00  8.60875092553482e-03
