                   201   NumCoords   ! The number of coordinates in the airfoil shape file (including an extra coordinate for airfoil reference).  Set to zero if coordinates not included.
! ......... x-y coordinates are next if NumCoords > 0 .............
! x-y coordinate of airfoil reference
!  x/c        y/c
 0.695484       0
! coordinates of airfoil shape
! interpolation to 200 points
!  x/c        y/c
 1.00000000000000e+00 -7.77889070416687e-03
 9.77094970159177e-01 -1.74451081725274e-02
 9.54496364011453e-01 -3.18657923854586e-02
 9.32400610746277e-01 -4.69663524925162e-02
 9.10835242433963e-01 -6.39561099866745e-02
 8.89733076781077e-01 -8.14620660404473e-02
 8.68926620714723e-01 -9.88316722755025e-02
 8.48922460895431e-01 -1.16237483182226e-01
 8.29182864028247e-01 -1.33514569901185e-01
 8.09594655751153e-01 -1.50712758681631e-01
 7.89735599209556e-01 -1.67542799582441e-01
 7.69736419963119e-01 -1.84043037177527e-01
 7.49453442925672e-01 -2.00065082280995e-01
 7.28757846012742e-01 -2.15476843680485e-01
 7.07866618376384e-01 -2.30284271975559e-01
 6.86615407794796e-01 -2.43814300283792e-01
 6.65113065929194e-01 -2.56529346684952e-01
 6.43401229927409e-01 -2.68406185640089e-01
 6.22249536939672e-01 -2.79460790918563e-01
 6.01435453044993e-01 -2.89713998023633e-01
 5.80632668352218e-01 -2.99006777995682e-01
 5.59887321968451e-01 -3.07342399746629e-01
 5.39290777085296e-01 -3.14906294792389e-01
 5.18786528553722e-01 -3.21359331161815e-01
 4.98510871730427e-01 -3.27093479455505e-01
 4.78415528466619e-01 -3.31724829026715e-01
 4.58587463564697e-01 -3.35541302275067e-01
 4.39066662365859e-01 -3.38628525868321e-01
 4.19867723615085e-01 -3.40854146477692e-01
 4.01016885116156e-01 -3.42163058386463e-01
 3.82555487409916e-01 -3.42975027748587e-01
 3.64498094176301e-01 -3.42794969540587e-01
 3.46866481525044e-01 -3.42032919766348e-01
 3.29674232119255e-01 -3.40688149655049e-01
 3.12950215712301e-01 -3.38719249421949e-01
 2.96705472086432e-01 -3.36049676236427e-01
 2.80960584028943e-01 -3.32793134532004e-01
 2.65681431499591e-01 -3.29230962912812e-01
 2.50924394407398e-01 -3.25099783882330e-01
 2.36681186890225e-01 -3.20502687566912e-01
 2.22939398656098e-01 -3.15580043313583e-01
 2.09744289518958e-01 -3.10124860564239e-01
 1.97036487088073e-01 -3.04453369119993e-01
 1.84878940099264e-01 -2.98350623843673e-01
 1.73219645570154e-01 -2.92008054504406e-01
 1.62086462128364e-01 -2.85394025125233e-01
 1.51497070370000e-01 -2.78462387662697e-01
 1.41365493397030e-01 -2.71456754999510e-01
 1.31800272052857e-01 -2.64130609357886e-01
 1.22698041931090e-01 -2.56731550193319e-01
 1.14119587074157e-01 -2.49135037347536e-01
 1.06029899991892e-01 -2.41435688271255e-01
 9.83785085955610e-02 -2.33727438087673e-01
 9.12338700052769e-02 -2.25906086662496e-01
 8.44830131737458e-02 -2.18155760056818e-01
 7.81209838337208e-02 -2.10482867288891e-01
 7.21564861555957e-02 -2.02867835918826e-01
 6.65297305467937e-02 -1.95392832413819e-01
 6.13721675598075e-02 -1.87878179220408e-01
 5.65390928523756e-02 -1.80505742170177e-01
 5.19440682968393e-02 -1.73347389870579e-01
 4.77722330490479e-02 -1.66214205927595e-01
 4.39083589030686e-02 -1.59204933076887e-01
 4.03168765440566e-02 -1.52361548105283e-01
 3.69569020792857e-02 -1.45699582811537e-01
 3.37712084597396e-02 -1.39261276631741e-01
 3.08592327948696e-02 -1.32957131582743e-01
 2.81419050824790e-02 -1.26833394765971e-01
 2.55918561332873e-02 -1.20903183796563e-01
 2.31951789587970e-02 -1.15151273867619e-01
 2.10169894084344e-02 -1.09528478523694e-01
 1.90088451187756e-02 -1.04054957004150e-01
 1.71582821382760e-02 -9.87297404526308e-02
 1.54830363255443e-02 -9.35406658146217e-02
 1.39543754023462e-02 -8.84902344514362e-02
 1.25507062818784e-02 -8.35872933578244e-02
 1.12810996558021e-02 -7.88345441612364e-02
 1.01254379412480e-02 -7.42158554070707e-02
 9.03827063348967e-03 -6.97472915622142e-02
 8.01021427354818e-03 -6.54252963818028e-02
 7.08939353296425e-03 -6.12286748123293e-02
 6.27630782002501e-03 -5.71526360458794e-02
 5.52689435384024e-03 -5.31965507125332e-02
 4.80325184109408e-03 -4.93639289689611e-02
 4.12409558765729e-03 -4.56467961530498e-02
 3.51881837246208e-03 -4.20345310834488e-02
 2.98309478040003e-03 -3.85217513513889e-02
 2.50363842433609e-03 -3.51103811840235e-02
 2.07208482394035e-03 -3.18013795066610e-02
 1.67028672136718e-03 -2.85894672211021e-02
 1.32783188911950e-03 -2.54698873899868e-02
 1.05849449070423e-03 -2.24386270889330e-02
 8.26652782123232e-04 -1.94947592424684e-02
 5.96336281184291e-04 -1.66370226436125e-02
 3.41954387909269e-04 -1.38639126940812e-02
 1.69600577946788e-04 -1.11637338087650e-02
 9.54130733540426e-05 -8.52090261603026e-03
 3.85373636045330e-05 -5.91406581782305e-03
 1.25849565188517e-05 -3.25528361830323e-03
 0.00000000000000e+00  0.00000000000000e+00
 1.44921784011325e-06  2.11586025999481e-03
 3.30578029131409e-05  4.50224816208871e-03
 1.23189811611764e-04  6.95941171391074e-03
 2.69331207715144e-04  9.48668426693698e-03
 4.57223353766160e-04  1.20888993733816e-02
 6.48580308496981e-04  1.47720638214825e-02
 8.54291895282947e-04  1.75366321754593e-02
 1.08030777622385e-03  2.03821635957194e-02
 1.36688107425259e-03  2.33099587141972e-02
 1.74395155653240e-03  2.63223042411409e-02
 2.15619237056163e-03  2.94235798246946e-02
 2.58020117467461e-03  3.26175448411300e-02
 3.05274396234237e-03  3.59061630681641e-02
 3.60357139905131e-03  3.92871967036075e-02
 4.23818230697225e-03  4.28225100593689e-02
 4.92541169247675e-03  4.65134608562983e-02
 5.62878129915542e-03  5.03234556469797e-02
 6.36177526856699e-03  5.42499818381652e-02
 7.16846140439723e-03  5.82884180744744e-02
 8.08873414488294e-03  6.24423538581510e-02
 9.09497554807191e-03  6.67202156645599e-02
 1.01403463471218e-02  7.11429423816976e-02
 1.12323405438401e-02  7.57156188415750e-02
 1.24280830802910e-02  8.04266290116304e-02
 1.37711099872939e-02  8.52787930834839e-02
 1.52311489895115e-02  9.02849692383741e-02
 1.68273435311236e-02  9.54264690406404e-02
 1.85941274109353e-02  1.00695571950568e-01
 2.05397116353806e-02  1.06099252989580e-01
 2.26581321315397e-02  1.11637160494677e-01
 2.49673572508164e-02  1.17308689884571e-01
 2.74508250119131e-02  1.23131410833544e-01
 3.00770314573511e-02  1.29144179673241e-01
 3.29097308095104e-02  1.35311959313774e-01
 3.59701068050397e-02  1.41624202501506e-01
 3.92383252179545e-02  1.48114861455026e-01
 4.26632289366992e-02  1.54826936132383e-01
 4.63753883794724e-02  1.61675831158259e-01
 5.03929865188749e-02  1.68639788469653e-01
 5.47063138293462e-02  1.75742055376030e-01
 5.93191480435517e-02  1.82986014545743e-01
 6.42302133644650e-02  1.90390436591764e-01
 6.94568677371794e-02  1.97940092596647e-01
 7.50820004820353e-02  2.05547115104379e-01
 8.10922826662373e-02  2.13242053180672e-01
 8.74459201167333e-02  2.21076968156973e-01
 9.42089984914485e-02  2.28973266264357e-01
 1.01401668404644e-01  2.36887975285823e-01
 1.09062076880969e-01  2.44779880992811e-01
 1.17195364990725e-01  2.52623391488518e-01
 1.25840731313205e-01  2.60342980354058e-01
 1.34968082549336e-01  2.67976501300424e-01
 1.44589126429483e-01  2.75480113829387e-01
 1.54753037696412e-01  2.82754838492532e-01
 1.65405880436387e-01  2.89884993732055e-01
 1.76594068813186e-01  2.96763733786125e-01
 1.88321372604360e-01  3.03322093148122e-01
 2.00570169372446e-01  3.09609508743364e-01
 2.13338986244575e-01  3.15561535505672e-01
 2.26647249874819e-01  3.21115350720282e-01
 2.40495573921011e-01  3.26132451964024e-01
 2.54887107340707e-01  3.30603503086249e-01
 2.69783548436060e-01  3.34545730873503e-01
 2.85175159939378e-01  3.38006667074665e-01
 3.01058342564898e-01  3.40792313887462e-01
 3.17406279516668e-01  3.43057661123969e-01
 3.34223134430873e-01  3.44525755191681e-01
 3.51468453304309e-01  3.45512320424699e-01
 3.69140011288186e-01  3.45672924412392e-01
 3.87212467570414e-01  3.45142030714997e-01
 4.05670397917195e-01  3.43996692485303e-01
 4.24475060349213e-01  3.41988878632583e-01
 4.43629743881198e-01  3.39338429410650e-01
 4.63098998076899e-01  3.35963649622098e-01
 4.82864646668245e-01  3.31851419114433e-01
 5.02886276508467e-01  3.26882012296521e-01
 5.23164582372970e-01  3.21241577780054e-01
 5.43655400104195e-01  3.14790081142490e-01
 5.64341558389601e-01  3.07581522397808e-01
 5.85177264433441e-01  2.99545109456024e-01
 6.06160358868351e-01  2.90764626681201e-01
 6.27919783598201e-01  2.81417708670201e-01
 6.49960186245724e-01  2.71226296045683e-01
 6.72091177433206e-01  2.60508697022034e-01
 6.94097134651186e-01  2.48960203574912e-01
 7.16114557133519e-01  2.36868663078678e-01
 7.37974812042108e-01  2.24023790237086e-01
 7.59694335803484e-01  2.10150690043954e-01
 7.81342302455390e-01  1.95532567519308e-01
 8.02761546111477e-01  1.80353264093050e-01
 8.23958756703743e-01  1.64672359635927e-01
 8.44940932506866e-01  1.48548557895193e-01
 8.65695774151657e-01  1.32013213445286e-01
 8.86036530946264e-01  1.14988671859323e-01
 9.06082566980807e-01  9.76123913055369e-02
 9.25926143249407e-01  7.99720420709145e-02
 9.45332477292094e-01  6.19497628204467e-02
 9.64343964583404e-01  4.35508012135329e-02
 9.82567350012932e-01  2.63484046937856e-02
 1.00000000000000e+00  8.00683876139673e-03
