# ----- Rotor performance tables for the WEIS Turbine wind turbine ----- 
# ------------ Written on Sep-19-24 using the ROSCO toolbox ------------ 

# Pitch angle vector, 20 entries - x axis (matrix columns) (deg)
-5.0   -3.158   -1.316   0.5263   2.368   4.211   6.053   7.895   9.737   11.58   13.42   15.26   17.11   18.95   20.79   22.63   24.47   26.32   28.16   30.0   
# TSR vector, 20 entries - y axis (matrix rows) (-)
2.0    2.526    3.053    3.579    4.105    4.632    5.158    5.684    6.211    6.737    7.263    7.789    8.316    8.842    9.368    9.895    10.42    10.95    11.47    12.0    
# Wind speed vector - z axis (m/s)
10.66    

# Power coefficient

0.007553   0.011519   0.015751   0.020242   0.024896   0.029552   0.034062   0.038428   0.042796   0.047290   0.051815   0.055936   0.059045   0.060744   0.060984   0.059889   0.057606   0.054274   0.050010   0.044930   
0.021257   0.029294   0.037281   0.044895   0.052101   0.059238   0.066695   0.074387   0.081421   0.086571   0.089175   0.089262   0.087102   0.083017   0.077344   0.070367   0.062306   0.053326   0.043519   0.032912   
0.045700   0.057484   0.068496   0.079444   0.091102   0.103193   0.113890   0.121163   0.124231   0.123307   0.118931   0.111827   0.102671   0.091923   0.079888   0.066748   0.052571   0.037354   0.021084   0.003849   
0.078084   0.093859   0.110396   0.128212   0.145209   0.157885   0.164262   0.164332   0.158973   0.149532   0.137260   0.122929   0.106973   0.089620   0.070945   0.050924   0.029510   0.006713   -0.017226   -0.041474   
0.118468   0.142132   0.167349   0.189970   0.205023   0.210572   0.207411   0.197566   0.183242   0.165974   0.146518   0.125236   0.102268   0.077607   0.051184   0.022952   -0.007104   -0.038628   -0.070368   -0.100121   
0.170724   0.204827   0.234988   0.254015   0.259666   0.254009   0.240395   0.221731   0.199809   0.175382   0.148765   0.120035   0.089144   0.056008   0.020527   -0.017335   -0.057271   -0.097817   -0.136032   -0.168823   
0.236304   0.276809   0.302554   0.310330   0.303873   0.287820   0.265706   0.239731   0.210749   0.179063   0.144710   0.107647   0.067729   0.024844   -0.021117   -0.070021   -0.120586   -0.169357   -0.212013   -0.245842   
0.310476   0.346791   0.359825   0.355188   0.338795   0.314724   0.285766   0.253083   0.216986   0.177548   0.134678   0.088265   0.038115   -0.015923   -0.073922   -0.135134   -0.196287   -0.251839   -0.297184   -0.331335   
0.381026   0.403131   0.403864   0.390315   0.366832   0.336742   0.301833   0.262563   0.219028   0.171183   0.118926   0.062032   0.000284   -0.066502   -0.138162   -0.212501   -0.283608   -0.344449   -0.391614   -0.426756   
0.432521   0.442584   0.436377   0.417727   0.389722   0.355047   0.314626   0.268665   0.217243   0.160278   0.097608   0.028946   -0.045953   -0.127225   -0.214077   -0.301872   -0.381999   -0.447184   -0.496209   -0.534019   
0.458183   0.466158   0.459007   0.438855   0.408616   0.370319   0.324608   0.271791   0.211931   0.144999   0.070741   -0.011140   -0.100875   -0.198476   -0.301803   -0.403063   -0.491355   -0.560584   -0.612301   -0.654933   
0.455617   0.474160   0.472681   0.454666   0.424142   0.382989   0.332182   0.272204   0.203283   0.125384   0.038238   -0.058436   -0.164839   -0.280656   -0.401471   -0.516021   -0.611991   -0.685533   -0.741364   -0.791123   
0.437482   0.465162   0.477475   0.465637   0.436641   0.393386   0.337578   0.270097   0.191368   0.101403   -0.000047   -0.113213   -0.238240   -0.374110   -0.513246   -0.640869   -0.744496   -0.823076   -0.884831   -0.944113   
0.415872   0.446119   0.472523   0.471822   0.446269   0.401700   0.340968   0.265566   0.176203   0.072969   -0.044305   -0.175780   -0.321503   -0.479161   -0.637354   -0.777969   -0.889633   -0.974334   -1.044044   -1.115382   
0.390679   0.424901   0.457604   0.472789   0.453070   0.408042   0.342455   0.258668   0.157760   0.039965   -0.094755   -0.246474   -0.415067   -0.596149   -0.774087   -0.927844   -1.048233   -1.140459   -1.220307   -1.306292   
0.361667   0.401705   0.438602   0.467720   0.456977   0.412489   0.342115   0.249425   0.135979   0.002247   -0.151641   -0.325657   -0.519354   -0.725443   -0.923785   -1.091126   -1.221169   -1.322590   -1.414922   -1.518105   
0.328663   0.376156   0.418329   0.456014   0.457868   0.415088   0.339990   0.237827   0.110781   -0.040346   -0.215225   -0.413705   -0.634762   -0.867439   -1.086856   -1.268503   -1.409343   -1.521828   -1.629156   -1.752046   
0.291425   0.347919   0.396646   0.440019   0.455571   0.415864   0.336107   0.223849   0.082075   -0.087990   -0.285783   -0.511008   -0.761692   -1.022556   -1.263797   -1.460694   -1.613686   -1.739248   -1.864219   -2.009296   
0.249759   0.316688   0.373248   0.422157   0.449831   0.414825   0.330479   0.207448   0.049752   -0.140875   -0.363604   -0.617962   -0.900552   -1.191227   -1.455164   -1.668439   -1.835138   -1.975917   -2.121265   -2.291003   
0.203507   0.282221   0.347871   0.403024   0.440307   0.411968   0.323105   0.188574   0.013698   -0.199199   -0.448983   -0.734971   -1.051763   -1.373901   -1.661554   -1.892497   -2.074630   -2.232886   -2.401393   -2.598289   


#  Thrust coefficient

0.069275   0.069226   0.069263   0.069432   0.069780   0.070296   0.070940   0.071731   0.072755   0.074090   0.075645   0.077014   0.077621   0.077095   0.075387   0.072590   0.068805   0.064132   0.058673   0.052538   
0.093262   0.094368   0.095774   0.097367   0.099095   0.101127   0.103754   0.106926   0.109824   0.111292   0.110701   0.108063   0.103568   0.097433   0.089928   0.081322   0.071839   0.061637   0.050801   0.039352   
0.127061   0.129942   0.132918   0.136345   0.140886   0.146374   0.151139   0.153256   0.151972   0.147409   0.139916   0.130037   0.118386   0.105432   0.091487   0.076720   0.061194   0.044928   0.027960   0.010448   
0.171039   0.175765   0.181826   0.189866   0.198075   0.203159   0.203189   0.198009   0.188164   0.174705   0.158788   0.141212   0.122427   0.102647   0.081952   0.060361   0.037900   0.014690   -0.008934   -0.032091   
0.225277   0.234571   0.246611   0.257710   0.263088   0.260659   0.250753   0.234894   0.215061   0.192803   0.168931   0.143801   0.117567   0.090270   0.061923   0.032620   0.002501   -0.027945   -0.057437   -0.083903   
0.293126   0.309695   0.324864   0.331496   0.326783   0.312003   0.290001   0.263596   0.234671   0.204035   0.172018   0.138746   0.104257   0.068597   0.031851   -0.005803   -0.043867   -0.080838   -0.114010   -0.140654   
0.377608   0.398728   0.408555   0.402587   0.383501   0.355581   0.322470   0.286528   0.248692   0.209320   0.168521   0.126379   0.082892   0.038184   -0.007575   -0.053979   -0.099642   -0.141396   -0.175505   -0.199719   
0.477677   0.493766   0.488575   0.466392   0.433152   0.393383   0.350171   0.304831   0.257729   0.209058   0.158848   0.107143   0.054011   -0.000349   -0.055647   -0.110900   -0.163044   -0.207328   -0.239984   -0.260348   
0.585781   0.584356   0.560889   0.523452   0.477520   0.427044   0.374041   0.319032   0.262222   0.203678   0.143440   0.081527   0.018139   -0.046468   -0.111740   -0.175440   -0.232459   -0.277071   -0.306718   -0.322969   
0.688717   0.666012   0.626053   0.575216   0.518016   0.457498   0.394617   0.329592   0.262590   0.193617   0.122695   0.049962   -0.024313   -0.099755   -0.175221   -0.246519   -0.306611   -0.349892   -0.375750   -0.388361   
0.778983   0.738761   0.685199   0.622918   0.555660   0.485323   0.412330   0.336940   0.259215   0.179201   0.096964   0.012767   -0.073021   -0.159847   -0.245431   -0.323219   -0.384715   -0.425587   -0.447476   -0.457152   
0.854269   0.802875   0.739297   0.667572   0.591082   0.510924   0.427606   0.341384   0.252395   0.160698   0.066506   -0.029795   -0.127733   -0.226421   -0.321773   -0.404822   -0.466413   -0.504251   -0.522376   -0.529800   
0.919920   0.857965   0.788944   0.709855   0.624652   0.534660   0.440702   0.343188   0.242335   0.138322   0.031534   -0.077523   -0.188251   -0.299136   -0.403738   -0.490824   -0.551608   -0.586103   -0.600851   -0.606679   
0.983452   0.908018   0.834185   0.750013   0.656594   0.556755   0.451833   0.342529   0.229206   0.112249   -0.007786   -0.130256   -0.254408   -0.377670   -0.490921   -0.580962   -0.640344   -0.671405   -0.683214   -0.688110   
1.046727   0.958229   0.875027   0.787893   0.687043   0.577363   0.461156   0.339547   0.213153   0.082617   -0.051319   -0.187868   -0.326063   -0.461748   -0.583007   -0.675127   -0.732718   -0.760416   -0.769742   -0.774312   
1.110734   1.009530   0.914592   0.823090   0.716025   0.596602   0.468789   0.334356   0.194294   0.049545   -0.098954   -0.250260   -0.403080   -0.551143   -0.679751   -0.773299   -0.828848   -0.853367   -0.860700   -0.865416   
1.176071   1.062032   0.954809   0.855202   0.743518   0.614554   0.474830   0.327055   0.172732   0.013129   -0.150605   -0.317354   -0.485315   -0.645676   -0.780981   -0.875506   -0.928869   -0.950447   -0.956312   -0.961507   
1.242899   1.115796   0.995864   0.885464   0.769441   0.631283   0.479360   0.317733   0.148555   -0.026552   -0.206202   -0.389089   -0.572642   -0.745198   -0.886608   -0.981793   -1.032924   -1.051823   -1.056752   -1.062627   
1.311318   1.170805   1.037762   0.915326   0.793645   0.646837   0.482449   0.306469   0.121834   -0.069434   -0.265691   -0.465415   -0.664952   -0.849588   -0.996594   -1.092221   -1.141155   -1.157648   -1.162142   -1.168782   
1.381264   1.227051   1.080476   0.945312   0.815903   0.661255   0.484161   0.293330   0.092632   -0.115464   -0.329029   -0.546289   -0.762154   -0.958743   -1.110936   -1.206856   -1.253684   -1.268056   -1.272559   -1.279965   


# Torque coefficient

0.003795   0.005787   0.007913   0.010169   0.012507   0.014846   0.017112   0.019306   0.021500   0.023757   0.026031   0.028102   0.029663   0.030517   0.030637   0.030087   0.028940   0.027266   0.025124   0.022572   
0.008454   0.011651   0.014827   0.017856   0.020722   0.023560   0.026526   0.029585   0.032383   0.034431   0.035467   0.035501   0.034642   0.033017   0.030761   0.027986   0.024780   0.021209   0.017308   0.013090   
0.015042   0.018921   0.022545   0.026149   0.029986   0.033966   0.037487   0.039880   0.040890   0.040586   0.039146   0.036807   0.033794   0.030256   0.026295   0.021970   0.017304   0.012295   0.006940   0.001267   
0.021921   0.026350   0.030993   0.035995   0.040766   0.044325   0.046116   0.046135   0.044631   0.041980   0.038535   0.034511   0.030032   0.025160   0.019917   0.014297   0.008285   0.001885   -0.004836   -0.011644   
0.028995   0.034787   0.040959   0.046495   0.050180   0.051538   0.050764   0.048354   0.044848   0.040622   0.035860   0.030651   0.025030   0.018994   0.012527   0.005617   -0.001739   -0.009454   -0.017223   -0.024505   
0.037037   0.044435   0.050978   0.055106   0.056331   0.055104   0.052151   0.048102   0.043346   0.038047   0.032273   0.026040   0.019339   0.012150   0.004453   -0.003761   -0.012424   -0.021220   -0.029510   -0.036624   
0.046032   0.053923   0.058938   0.060453   0.059195   0.056068   0.051760   0.046700   0.041054   0.034882   0.028190   0.020970   0.013194   0.004840   -0.004114   -0.013640   -0.023490   -0.032991   -0.041300   -0.047890   
0.054881   0.061300   0.063604   0.062785   0.059887   0.055632   0.050513   0.044736   0.038355   0.031384   0.023806   0.015602   0.006737   -0.002815   -0.013067   -0.023887   -0.034697   -0.044516   -0.052531   -0.058568   
0.061644   0.065220   0.065339   0.063147   0.059348   0.054480   0.048832   0.042479   0.035435   0.027695   0.019240   0.010036   0.000046   -0.010759   -0.022353   -0.034379   -0.045883   -0.055726   -0.063357   -0.069042   
0.064508   0.066009   0.065083   0.062302   0.058125   0.052953   0.046925   0.040070   0.032401   0.023905   0.014558   0.004317   -0.006854   -0.018975   -0.031929   -0.045023   -0.056973   -0.066695   -0.074007   -0.079646   
0.063384   0.064487   0.063498   0.060710   0.056527   0.051229   0.044905   0.037599   0.029318   0.020059   0.009786   -0.001541   -0.013955   -0.027457   -0.041751   -0.055759   -0.067973   -0.077550   -0.084704   -0.090602   
0.058770   0.061162   0.060971   0.058647   0.054710   0.049402   0.042848   0.035112   0.026222   0.016173   0.004932   -0.007538   -0.021263   -0.036202   -0.051786   -0.066562   -0.078941   -0.088427   -0.095629   -0.102047   
0.052859   0.056204   0.057691   0.056261   0.052758   0.047531   0.040788   0.032635   0.023122   0.012252   -0.000006   -0.013679   -0.028786   -0.045202   -0.062014   -0.077434   -0.089955   -0.099449   -0.106911   -0.114074   
0.047257   0.050694   0.053695   0.053615   0.050711   0.045647   0.038746   0.030177   0.020023   0.008292   -0.005035   -0.019975   -0.036534   -0.054449   -0.072425   -0.088404   -0.101093   -0.110718   -0.118639   -0.126745   
0.041900   0.045571   0.049078   0.050707   0.048592   0.043763   0.036728   0.027742   0.016920   0.004286   -0.010162   -0.026434   -0.044516   -0.063937   -0.083021   -0.099511   -0.112423   -0.122314   -0.130878   -0.140100   
0.036726   0.040791   0.044538   0.047495   0.046404   0.041886   0.034740   0.025328   0.013808   0.000228   -0.015398   -0.033069   -0.052738   -0.073665   -0.093806   -0.110799   -0.124004   -0.134303   -0.143679   -0.154157   
0.031689   0.036268   0.040334   0.043967   0.044146   0.040022   0.032781   0.022931   0.010681   -0.003890   -0.020751   -0.039888   -0.061202   -0.083636   -0.104791   -0.122305   -0.135884   -0.146730   -0.157078   -0.168927   
0.026747   0.031933   0.036405   0.040386   0.041813   0.038169   0.030848   0.020545   0.007533   -0.008076   -0.026230   -0.046901   -0.069909   -0.093852   -0.115993   -0.134065   -0.148106   -0.159631   -0.171101   -0.184416   
0.021872   0.027733   0.032686   0.036969   0.039392   0.036327   0.028940   0.018166   0.004357   -0.012337   -0.031841   -0.054116   -0.078862   -0.104317   -0.127431   -0.146107   -0.160705   -0.173034   -0.185762   -0.200626   
0.017040   0.023630   0.029127   0.033745   0.036867   0.034494   0.027054   0.015789   0.001147   -0.016679   -0.037594   -0.061539   -0.088065   -0.115037   -0.139123   -0.158460   -0.173710   -0.186960   -0.201070   -0.217556   

